3000
600,622,8,6
600,646,9,6
600,614,4,2
600,649,7,4
600,700,5,8
600,648,7,3
600,621,9,7
601,642,4,6
601,637,10,3
601,627,10,7
601,658,9,10
601,638,10,8
602,642,3,10
602,617,10,8
602,616,2,9
603,621,4,7
603,613,8,3
603,640,8,4
604,704,6,9
604,647,6,5
605,618,8,2
605,649,6,2
605,615,6,9
606,624,6,5
606,638,6,3
606,658,10,7
606,626,8,2
606,619,6,2
606,636,5,4
607,623,5,6
607,649,6,4
607,638,4,8
607,654,8,3
608,631,7,5
608,658,2,9
608,657,5,8
608,619,3,6
608,631,4,2
608,708,3,9
609,634,4,7
609,659,10,7
610,621,7,9
610,652,3,2
610,620,3,9
611,635,3,4
611,709,5,3
612,625,2,10
612,634,6,4
612,625,10,8
612,646,7,9
612,704,2,8
613,657,2,4
613,654,3,2
613,628,9,5
613,704,8,9
614,632,2,9
615,702,5,3
615,700,3,5
616,627,4,2
616,708,4,5
617,710,7,4
617,710,3,6
617,715,2,5
617,706,3,2
618,633,10,9
618,657,5,6
618,634,9,4
618,656,8,6
618,717,6,7
618,654,5,2
619,655,2,9
619,644,8,4
619,654,7,3
619,709,5,3
619,638,8,9
620,709,9,10
620,714,10,4
620,653,4,8
620,706,8,6
621,714,6,4
621,636,10,4
621,651,6,5
621,721,10,2
621,715,4,3
621,645,7,2
622,633,10,9
622,637,2,7
622,637,2,6
623,636,10,3
623,700,10,5
623,703,7,4
623,717,6,7
623,647,6,2
623,722,3,10
623,654,6,3
623,656,6,5
624,708,8,5
624,718,7,5
624,653,10,2
624,706,6,4
624,702,2,3
624,637,3,9
624,658,9,3
625,721,9,7
625,722,7,10
625,707,10,9
625,652,9,4
625,640,2,5
626,707,5,10
626,705,2,7
626,718,5,8
626,638,2,7
626,726,9,8
626,721,7,4
627,706,3,10
627,712,5,8
627,720,5,7
628,659,7,6
628,650,10,7
628,727,6,2
628,642,2,7
628,728,5,8
629,710,9,5
629,641,7,2
630,717,4,6
630,652,5,6
631,730,4,7
631,727,4,2
631,641,9,10
631,650,9,4
632,729,10,5
633,652,7,3
633,653,7,5
634,653,2,9
634,733,3,9
634,727,7,9
635,725,8,4
635,712,4,5
636,718,8,6
636,652,9,2
637,658,6,9
637,700,2,4
637,712,7,9
638,650,8,6
638,738,3,4
638,702,10,6
638,706,8,10
638,659,5,8
638,656,7,2
638,724,6,3
638,703,2,9
639,650,3,10
639,657,2,9
640,723,6,9
640,726,7,4
640,658,3,10
640,703,7,9
641,706,3,9
641,711,10,9
641,717,9,5
641,718,6,7
642,740,3,10
642,709,3,6
642,734,7,6
642,718,3,10
642,740,4,10
642,725,9,4
642,733,9,10
642,704,8,3
642,707,3,8
642,717,6,7
642,725,6,4
643,725,9,4
643,705,8,2
643,704,7,3
643,701,4,9
643,703,3,9
643,742,5,7
643,703,3,10
643,726,8,2
643,706,3,7
644,722,5,10
644,712,8,2
644,734,7,10
644,728,3,10
645,739,10,8
645,720,2,9
645,734,6,7
645,658,2,5
645,704,3,7
646,738,7,2
647,700,5,3
647,743,8,6
648,713,10,9
648,725,6,7
648,726,3,8
649,707,8,10
649,743,10,7
649,715,8,5
650,718,8,2
650,724,8,2
650,720,10,5
650,732,5,9
651,737,8,4
651,708,9,4
651,718,8,4
653,725,6,10
653,745,6,2
653,716,8,9
653,728,5,7
653,711,2,10
654,721,2,7
654,704,3,9
654,732,8,2
654,705,10,9
654,737,2,4
655,736,3,9
655,738,10,8
656,732,5,3
656,710,4,9
657,719,4,10
657,751,7,8
657,748,2,4
657,755,7,6
658,725,2,7
658,733,8,6
659,738,8,10
659,724,3,9
700,743,7,6
700,800,10,9
700,734,4,8
701,718,6,3
702,733,3,5
702,715,3,4
702,723,9,10
704,724,6,9
704,803,3,6
704,719,9,2
705,715,5,6
705,723,3,7
706,756,8,7
707,735,3,9
707,801,3,10
707,739,2,8
708,801,2,6
709,734,4,2
709,741,8,10
710,806,2,3
710,729,4,6
710,738,5,4
710,803,4,10
710,754,9,5
710,759,8,5
710,803,4,2
710,741,8,10
711,753,5,8
712,735,4,5
712,753,5,8
712,803,5,8
712,804,8,7
712,733,7,5
713,747,4,5
713,741,4,3
713,733,7,2
713,743,10,3
715,756,4,7
715,756,5,8
716,810,2,8
716,729,9,5
716,735,3,5
716,737,10,4
717,741,5,3
717,752,8,4
718,817,4,3
718,759,6,4
719,743,4,5
719,801,8,4
719,750,2,4
719,814,2,5
719,747,2,10
719,745,4,7
720,733,9,7
720,809,9,10
720,742,6,5
721,808,6,2
721,746,6,9
721,744,9,7
721,759,6,7
721,753,6,5
721,748,9,6
722,736,4,10
722,750,6,3
722,822,5,8
723,747,9,4
723,806,7,6
723,806,5,9
724,812,8,10
724,806,10,6
724,803,2,10
724,758,7,3
725,812,10,9
725,818,10,4
725,816,6,4
725,749,10,2
726,806,8,6
726,813,9,4
726,825,8,5
726,757,5,9
727,737,9,7
727,751,4,10
727,806,3,10
727,755,7,8
728,751,7,3
728,821,10,5
728,752,4,7
728,757,2,6
728,759,4,8
729,743,3,5
729,816,4,6
729,827,8,6
729,746,8,6
729,807,8,9
729,817,5,4
730,753,9,8
731,759,10,5
731,820,5,9
731,744,7,3
731,815,9,5
732,829,8,7
732,747,9,8
732,804,9,7
732,747,2,7
732,822,2,6
733,756,9,10
734,826,2,7
735,753,4,9
735,834,4,5
735,750,4,7
735,834,9,7
735,751,8,2
736,823,2,3
736,758,9,2
736,831,6,2
736,831,4,2
737,802,5,4
738,751,6,9
738,826,2,3
738,813,6,7
738,748,9,4
739,755,8,3
739,823,7,9
739,824,10,5
739,752,3,7
739,827,4,3
740,827,8,3
740,803,7,8
740,814,10,4
740,758,6,7
740,817,2,6
741,804,8,9
741,803,7,3
741,841,7,10
741,755,2,5
742,758,10,5
742,805,6,3
742,822,9,8
742,823,9,6
743,757,2,5
743,810,4,3
743,804,8,5
744,759,7,6
744,757,5,4
744,821,8,3
744,822,3,8
744,822,7,6
745,756,9,8
745,822,7,10
745,801,10,9
745,822,3,6
745,824,6,4
745,808,10,7
746,821,3,2
746,835,5,3
746,820,2,8
746,841,4,3
746,840,2,5
746,812,10,7
748,806,9,6
749,814,4,3
749,814,5,2
750,849,10,8
750,824,10,9
750,847,9,2
750,845,6,2
751,815,3,4
751,830,8,6
751,844,2,3
752,822,9,10
753,825,7,2
753,852,7,6
753,817,4,2
754,816,5,6
754,833,6,4
754,853,6,4
754,849,8,10
755,834,9,3
755,828,9,2
755,832,5,6
756,844,10,4
756,816,3,5
756,839,2,5
756,814,5,7
757,839,2,10
757,823,3,6
758,833,10,4
758,853,6,3
758,822,6,5
758,842,8,5
758,841,10,7
759,826,7,4
759,857,5,3
759,850,4,10
759,828,5,3
759,814,8,2
759,842,2,10
800,837,4,10
801,824,10,6
801,837,5,6
801,849,9,4
801,825,2,3
802,825,10,6
802,851,3,6
802,822,7,4
802,816,4,8
802,831,4,6
802,816,3,5
802,853,4,7
802,819,4,10
803,824,7,3
803,815,6,9
803,836,5,2
803,819,6,10
803,852,9,10
803,826,7,9
804,859,2,3
805,841,7,2
806,839,10,7
806,857,10,3
806,857,9,7
806,843,9,7
807,855,6,8
807,859,4,2
808,818,10,8
808,823,8,10
808,834,7,4
808,835,8,6
809,829,7,10
809,844,3,5
809,828,2,4
810,902,5,8
810,839,10,8
810,825,2,3
810,906,10,8
810,829,2,8
811,844,7,8
811,841,9,8
811,858,5,6
811,903,7,4
812,836,5,3
812,903,5,4
812,835,7,8
812,842,3,2
812,849,10,6
813,824,3,9
813,835,7,4
813,908,8,7
813,909,6,7
813,847,3,4
813,828,7,5
813,823,9,8
814,829,6,7
814,905,3,5
815,845,8,3
815,910,2,3
815,902,2,10
816,851,10,6
816,916,4,9
816,905,10,4
816,915,3,6
817,848,10,3
817,910,4,8
817,834,9,10
817,904,10,2
817,908,6,5
818,904,7,2
818,838,5,10
819,917,4,5
819,918,5,3
819,843,9,8
819,912,8,3
820,907,4,6
820,919,2,4
820,907,10,3
820,855,9,4
821,917,6,10
821,853,10,7
821,837,7,10
821,906,7,2
821,918,3,4
821,858,9,10
821,835,10,9
821,911,4,3
821,851,4,8
822,840,5,6
822,919,6,3
822,841,9,3
822,900,10,3
822,842,9,2
822,857,7,4
822,832,10,3
823,846,6,5
823,920,6,8
823,847,8,4
824,905,5,7
825,847,8,6
825,851,6,4
825,915,3,2
825,917,8,9
825,905,5,4
826,919,2,8
826,913,6,7
828,844,10,7
828,922,9,2
828,847,4,9
828,918,2,9
828,856,5,2
828,859,3,8
828,910,9,3
829,928,8,5
829,904,9,7
829,928,4,3
830,844,6,9
831,905,6,2
831,844,10,4
831,912,5,8
832,919,2,4
832,920,5,7
833,926,3,6
833,915,10,6
833,846,7,10
833,907,3,9
834,848,7,2
834,910,9,4
834,853,6,9
834,902,3,4
834,847,5,10
835,853,5,9
835,900,6,10
835,909,3,10
835,920,3,4
835,911,3,4
835,930,7,2
835,902,4,6
835,846,7,3
836,909,3,6
836,917,5,2
836,851,7,6
836,912,4,9
836,922,10,6
837,854,2,10
837,919,3,7
837,903,10,4
837,910,2,10
838,929,10,2
838,934,5,8
838,923,8,3
838,853,5,2
838,901,2,7
839,937,6,9
839,905,7,5
839,923,8,2
839,914,6,2
840,933,10,6
840,932,4,6
840,913,9,6
841,938,9,6
841,903,2,3
841,851,5,10
841,904,5,9
841,855,9,4
842,930,6,3
842,855,10,8
843,928,3,2
843,940,2,10
843,916,2,4
844,906,6,5
844,909,5,10
844,905,10,8
844,934,3,6
844,936,10,9
844,924,6,5
845,912,4,2
845,936,2,4
845,926,9,2
845,917,4,5
846,912,10,2
846,943,8,5
846,912,10,3
846,927,3,10
846,940,10,7
846,909,8,4
847,922,6,7
847,929,8,7
847,920,8,2
847,944,10,2
848,943,4,7
848,946,9,7
848,928,8,4
849,930,8,6
849,934,6,5
849,944,2,8
849,949,2,7
849,905,9,2
849,926,2,7
849,932,6,4
850,923,9,6
850,909,4,5
850,903,4,6
851,925,8,5
851,926,5,4
852,915,4,6
852,918,4,8
853,942,5,8
853,913,5,9
854,952,7,4
854,926,6,4
855,905,7,10
855,910,2,10
855,910,3,9
855,943,6,10
855,924,10,5
856,919,9,10
857,950,3,7
857,938,2,9
858,933,3,2
858,929,8,5
858,933,10,5
859,949,7,9
859,957,9,6
859,916,8,4
900,931,7,9
900,941,6,4
900,935,2,10
901,953,6,8
901,932,2,5
901,951,7,9
902,938,9,6
902,956,7,9
902,941,4,5
902,921,3,6
902,915,5,3
903,952,7,4
903,942,10,4
903,943,2,5
903,927,4,5
903,942,2,7
904,927,4,8
904,1001,7,8
904,926,9,8
904,948,10,4
904,942,8,9
905,927,3,10
906,1002,2,3
906,956,5,7
906,928,6,7
906,931,8,5
906,924,3,10
907,934,8,5
907,934,9,6
907,1007,8,5
907,1004,2,3
908,942,6,8
909,1001,6,5
909,938,4,7
910,948,9,3
910,1006,2,7
911,1005,3,6
911,958,4,8
911,946,7,2
912,934,10,7
912,1009,7,4
912,954,9,5
912,942,5,4
912,1012,8,7
913,943,3,6
913,938,9,8
913,931,7,10
913,941,8,10
913,953,3,8
913,936,7,4
913,936,5,7
913,941,7,4
914,1002,7,9
914,1002,9,6
914,929,7,5
914,1003,7,2
914,937,9,4
914,953,7,5
914,948,3,2
914,1010,3,2
915,951,2,9
915,940,9,10
916,951,7,2
916,1014,9,8
917,1009,4,8
918,950,10,2
918,946,2,8
918,1009,3,7
918,937,10,8
919,947,8,9
919,1018,7,9
920,959,8,9
920,944,6,8
920,1007,4,2
920,932,5,4
920,1019,3,7
921,1013,4,7
921,959,8,5
921,1015,8,10
921,1021,5,8
922,1022,5,8
922,1004,5,4
922,938,9,6
923,1004,3,7
923,1022,9,5
923,946,9,3
923,1004,4,5
923,938,8,9
923,941,9,4
923,954,2,6
923,953,2,4
924,1019,4,7
924,1003,10,2
924,1001,7,9
924,1005,5,2
924,1008,3,8
924,957,10,3
924,946,5,7
925,945,10,8
925,1017,8,9
925,952,7,6
925,1023,9,8
926,941,2,7
926,951,5,8
926,1026,10,5
926,1022,7,2
926,959,2,3
926,951,4,7
926,1003,2,9
927,959,8,7
927,940,9,2
927,1010,8,9
928,1023,4,8
929,1019,5,9
931,1022,2,9
931,946,6,10
932,1014,8,4
932,1012,6,5
932,1014,7,9
932,949,7,10
932,1009,4,5
932,954,9,8
932,953,5,9
932,952,5,9
932,950,8,2
932,951,5,2
932,957,9,8
932,949,10,7
933,956,8,2
933,1017,8,6
934,1024,4,5
934,1025,7,2
935,947,7,9
935,1001,8,10
935,1030,5,8
935,946,3,5
935,1012,4,2
935,1032,6,5
935,945,3,5
936,1010,4,7
936,1033,2,7
936,1001,6,10
936,1029,8,10
937,1008,4,3
937,1000,8,9
937,1005,8,4
937,1030,9,2
937,1005,7,6
938,950,7,2
938,1005,2,5
939,1015,4,3
939,956,8,6
939,1028,10,2
939,1003,10,3
939,1018,8,2
941,1026,10,8
942,955,9,6
942,1041,5,7
943,955,4,3
943,1023,8,6
943,1006,4,8
943,1023,8,4
944,958,9,2
945,1004,8,10
946,1027,9,7
947,1013,2,10
947,1010,5,6
947,1029,8,10
947,1028,3,10
947,1037,6,3
947,1034,8,10
949,1041,3,4
949,1020,8,3
949,1014,3,2
949,1024,10,4
949,1022,3,8
950,1002,10,7
950,1023,3,8
950,1034,10,5
950,1008,10,6
951,1047,2,6
952,1017,5,3
952,1050,4,9
952,1046,10,9
953,1030,4,10
954,1016,5,10
954,1036,4,2
954,1043,8,7
955,1006,6,10
955,1018,7,4
955,1033,3,9
956,1030,3,8
956,1039,6,9
957,1032,10,4
958,1033,10,9
958,1037,7,10
958,1023,7,10
958,1024,8,9
959,1048,4,7
959,1033,6,8
959,1051,6,8
959,1022,8,10
959,1026,4,2
1000,1013,8,10
1000,1040,8,6
1000,1019,4,2
1001,1046,9,8
1001,1029,9,5
1002,1053,3,4
1002,1055,9,4
1002,1100,10,7
1002,1048,5,8
1003,1052,3,5
1003,1045,5,4
1003,1041,8,7
1004,1029,2,6
1004,1058,2,4
1004,1047,4,3
1004,1026,6,8
1004,1028,5,4
1005,1050,8,9
1005,1102,7,2
1005,1053,8,2
1006,1101,9,4
1006,1053,9,4
1006,1049,8,2
1006,1104,2,5
1007,1038,4,9
1007,1019,7,5
1007,1026,4,3
1007,1022,9,2
1007,1027,4,8
1008,1051,10,9
1008,1054,7,9
1009,1023,3,7
1010,1032,3,10
1010,1026,3,8
1010,1035,4,8
1011,1055,8,4
1011,1039,4,9
1011,1036,7,8
1012,1057,8,9
1012,1101,10,4
1012,1035,4,8
1012,1037,8,5
1013,1025,4,10
1013,1102,5,7
1014,1057,8,9
1014,1037,10,6
1014,1030,4,6
1014,1024,9,6
1014,1049,10,5
1015,1052,5,6
1015,1101,8,9
1016,1031,6,7
1016,1116,6,2
1016,1101,8,3
1016,1029,9,2
1016,1028,3,10
1017,1102,9,4
1017,1113,10,8
1018,1052,9,8
1018,1101,7,6
1019,1118,3,9
1020,1105,9,2
1020,1054,3,7
1021,1037,6,3
1021,1043,4,9
1021,1041,9,4
1021,1053,7,5
1022,1033,9,8
1022,1106,2,6
1022,1104,10,6
1022,1048,2,8
1023,1045,2,10
1023,1102,9,3
1023,1119,6,4
1023,1100,10,5
1024,1052,7,2
1024,1041,2,3
1025,1040,10,5
1025,1047,7,2
1025,1049,5,4
1025,1122,7,6
1025,1054,6,8
1026,1106,5,6
1026,1118,4,10
1027,1056,2,8
1027,1054,4,2
1027,1117,6,5
1027,1037,3,9
1027,1120,2,10
1028,1110,9,10
1028,1050,4,8
1029,1039,2,9
1029,1047,5,2
1029,1041,8,5
1029,1048,10,5
1030,1106,4,5
1030,1118,8,9
1030,1119,2,4
1031,1129,2,7
1031,1042,9,5
1031,1055,8,2
1031,1103,10,3
1031,1042,10,6
1032,1117,5,8
1032,1131,7,9
1032,1059,2,5
1032,1121,5,6
1033,1122,2,6
1034,1123,7,2
1034,1059,9,4
1034,1134,2,6
1034,1101,2,4
1034,1054,3,2
1034,1116,2,4
1035,1102,10,5
1035,1103,3,10
1036,1103,5,9
1036,1124,7,6
1036,1054,8,9
1036,1123,5,8
1036,1104,5,6
1037,1107,9,4
1037,1116,9,2
1038,1107,2,9
1038,1057,7,2
1038,1056,6,5
1039,1129,10,5
1039,1113,5,2
1039,1137,6,8
1039,1114,7,3
1039,1113,7,3
1039,1132,3,6
1041,1117,6,2
1041,1119,2,8
1041,1131,2,6
1041,1116,10,9
1041,1054,2,8
1041,1124,10,7
1041,1102,8,6
1042,1052,5,10
1042,1055,2,5
1042,1128,8,3
1042,1105,4,6
1042,1059,7,10
1043,1132,3,2
1043,1122,10,8
1043,1122,9,7
1043,1116,2,4
1043,1111,2,5
1043,1115,10,9
1044,1100,8,9
1044,1139,7,6
1044,1124,7,3
1044,1108,2,5
1044,1127,3,4
1044,1124,5,6
1045,1103,3,8
1045,1115,6,3
1045,1059,4,10
1045,1108,2,7
1045,1125,10,4
1045,1139,5,9
1046,1122,7,9
1046,1108,3,6
1046,1100,3,5
1046,1141,2,6
1048,1058,7,10
1049,1106,4,8
1049,1127,7,10
1049,1135,10,5
1049,1114,10,4
1049,1140,7,4
1049,1136,8,10
1049,1107,3,6
1049,1140,5,6
1050,1107,8,10
1050,1108,5,7
1050,1150,7,6
1051,1145,8,10
1051,1149,6,3
1051,1150,8,9
1051,1104,10,3
1051,1108,4,6
1051,1111,2,8
1051,1102,8,5
1052,1121,4,8
1052,1112,4,5
1052,1114,4,9
1052,1132,5,9
1053,1105,8,6
1053,1147,2,8
1054,1153,6,3
1054,1121,9,4
1054,1153,9,3
1054,1143,9,6
1054,1112,5,4
1054,1130,3,4
1055,1118,5,8
1055,1115,9,7
1056,1107,9,2
1056,1120,2,3
1057,1151,9,3
1057,1152,5,2
1057,1142,10,9
1057,1147,2,4
1057,1128,10,8
1057,1127,4,5
1058,1140,5,8
1058,1147,9,8
1058,1125,10,3
1058,1110,10,8
1058,1158,9,10
1058,1122,6,7
1059,1120,4,3
1059,1133,7,8
1059,1129,10,6
1059,1140,6,7
1059,1127,3,10
1059,1111,3,6
1059,1135,4,9
1059,1129,8,3
1100,1137,5,3
1100,1150,8,7
1100,1156,4,8
1100,1111,8,2
1100,1111,5,3
1101,1141,2,7
1101,1114,5,9
1101,1120,5,3
1102,1112,3,7
1102,1145,2,7
1102,1117,10,2
1103,1131,2,3
1104,1114,3,8
1104,1132,2,5
1104,1125,3,4
1104,1152,5,3
1105,1117,4,7
1105,1115,6,3
1105,1145,10,8
1105,1130,10,3
1106,1135,7,5
1106,1158,3,4
1106,1159,7,2
1106,1204,5,7
1107,1205,8,9
1107,1127,5,6
1108,1145,10,7
1108,1159,9,7
1108,1158,5,9
1108,1131,3,5
1110,1151,10,8
1110,1120,3,10
1111,1139,2,4
1111,1210,10,8
1111,1122,10,9
1111,1152,8,6
1111,1151,9,7
1112,1123,2,7
1112,1141,5,7
1112,1125,8,3
1112,1143,2,5
1112,1211,4,10
1112,1123,8,6
1113,1134,3,2
1113,1132,7,5
1113,1204,3,10
1114,1200,9,3
1114,1158,2,7
1114,1139,9,5
1114,1145,4,5
1115,1148,9,8
1115,1151,9,6
1115,1205,10,9
1115,1153,6,2
1115,1127,10,9
1116,1131,6,8
1116,1204,8,10
1116,1137,4,3
1116,1148,9,7
1116,1135,7,2
1117,1133,5,2
1117,1147,9,6
1117,1210,9,5
1117,1210,2,6
1118,1207,6,4
1118,1212,10,4
1118,1147,7,2
1119,1212,10,9
1119,1130,10,7
1120,1205,10,5
1120,1154,4,2
1120,1131,3,9
1120,1200,6,8
1121,1158,2,6
1121,1136,3,5
1121,1135,4,3
1122,1154,5,10
1122,1204,10,4
1122,1221,4,6
1123,1148,7,4
1123,1153,10,7
1123,1149,9,2
1124,1214,8,9
1124,1135,4,9
1125,1204,4,2
1125,1220,2,7
1125,1139,5,8
1126,1136,3,4
1126,1212,6,2
1126,1219,8,3
1127,1226,9,4
1127,1214,3,6
1127,1149,3,2
1127,1155,3,10
1127,1212,5,2
1127,1149,8,10
1127,1224,7,6
1127,1215,2,5
1128,1223,2,6
1128,1146,9,8
1128,1138,6,10
1128,1156,10,7
1129,1204,9,4
1129,1150,5,3
1129,1221,7,2
1129,1214,2,7
1129,1225,10,7
1129,1152,2,8
1130,1228,7,6
1130,1142,4,7
1131,1217,10,4
1132,1216,7,3
1132,1223,8,10
1132,1208,4,2
1132,1223,6,10
1132,1212,7,5
1132,1208,3,8
1133,1221,8,4
1133,1212,3,6
1133,1143,10,8
1134,1159,7,9
1134,1226,9,6
1134,1209,4,6
1134,1218,5,3
1134,1148,2,8
1135,1227,7,4
1135,1155,9,6
1136,1220,10,3
1136,1232,9,3
1136,1220,6,10
1137,1229,10,7
1137,1213,2,8
1137,1228,3,2
1137,1204,7,4
1138,1203,6,9
1138,1217,4,8
1140,1207,4,8
1140,1234,3,2
1140,1226,2,5
1140,1233,5,8
1140,1202,5,3
1140,1231,9,6
1141,1155,10,2
1141,1225,10,9
1141,1201,10,8
1141,1224,8,6
1141,1218,9,3
1141,1222,7,8
1141,1155,4,7
1141,1232,3,8
1142,1231,8,9
1142,1154,2,6
1142,1153,4,6
1142,1210,2,5
1142,1223,3,2
1143,1236,2,9
1143,1214,3,5
1143,1210,2,10
1143,1235,8,2
1143,1234,8,3
1143,1217,7,3
1143,1154,4,6
1143,1200,4,2
1143,1240,8,6
1143,1242,4,6
1143,1201,7,6
1144,1220,3,2
1144,1216,8,6
1144,1206,5,9
1145,1202,7,9
1145,1202,10,6
1145,1238,7,9
1145,1206,2,4
1145,1242,4,6
1146,1223,5,6
1146,1239,10,5
1146,1225,4,6
1146,1225,5,3
1146,1237,8,7
1146,1203,8,5
1148,1240,3,5
1148,1203,7,3
1149,1203,6,9
1149,1244,3,5
1149,1226,3,7
1150,1204,4,9
1150,1240,4,9
1150,1247,8,3
1150,1245,7,4
1151,1225,10,5
1151,1238,8,10
1151,1226,3,4
1152,1208,9,4
1153,1223,3,10
1153,1229,8,4
1154,1224,2,6
1154,1212,2,8
1155,1243,3,9
1155,1230,5,8
1155,1240,4,2
1155,1237,2,10
1155,1217,4,8
1155,1237,7,4
1155,1233,9,4
1155,1238,5,8
1155,1219,5,2
1156,1233,10,5
1157,1247,4,3
1157,1249,3,10
1157,1211,3,8
1158,1251,6,10
1158,1220,7,5
1158,1258,4,7
1159,1256,6,3
1159,1234,9,4
1159,1220,10,3
1159,1230,10,9
1159,1216,4,7
1159,1218,4,2
1159,1241,8,10
1200,1230,6,2
1200,1249,8,9
1200,1239,2,6
1200,1222,3,4
1200,1223,8,7
1201,1257,4,2
1201,1246,7,8
1201,1254,8,3
1201,1215,3,10
1202,1259,3,8
1202,1239,4,8
1202,1300,2,10
1202,1231,3,9
1202,1215,6,2
1202,1243,10,4
1202,1250,10,5
1203,1256,9,3
1203,1253,5,3
1203,1252,3,8
1203,1234,3,8
1203,1243,4,6
1204,1215,4,9
1204,1230,3,9
1205,1305,8,3
1205,1252,5,10
1205,1231,3,8
1206,1233,8,4
1206,1231,3,8
1207,1223,10,5
1207,1259,8,4
1207,1238,4,9
1207,1240,3,9
1208,1236,5,7
1208,1237,7,5
1208,1220,7,5
1208,1238,10,4
1209,1255,10,7
1209,1220,5,9
1209,1304,8,3
1210,1252,7,3
1210,1224,6,9
1210,1232,7,8
1210,1300,6,3
1211,1253,9,4
1211,1304,8,3
1212,1246,7,5
1212,1243,10,3
1212,1235,6,5
1212,1222,7,8
1212,1232,7,8
1213,1223,8,5
1213,1301,5,6
1213,1258,9,2
1214,1253,2,5
1214,1240,2,8
1215,1243,5,6
1215,1307,3,4
1215,1247,9,6
1215,1257,8,6
1216,1304,3,10
1216,1246,3,6
1217,1239,8,6
1217,1235,10,3
1217,1235,10,2
1217,1239,10,3
1217,1258,4,2
1218,1233,10,4
1218,1249,2,7
1218,1231,6,5
1219,1229,9,2
1219,1315,7,5
1219,1229,4,2
1219,1304,7,8
1219,1244,7,6
1219,1303,3,2
1220,1303,9,8
1220,1251,3,4
1220,1252,3,10
1221,1303,4,6
1221,1237,2,9
1222,1301,5,6
1222,1315,9,10
1223,1257,9,8
1223,1253,7,8
1224,1235,7,2
1224,1237,2,7
1224,1258,4,6
1224,1259,5,9
1224,1301,3,7
1225,1259,5,9
1225,1323,6,7
1225,1310,3,8
1225,1313,2,4
1226,1247,10,4
1227,1319,9,7
1227,1310,2,5
1227,1327,4,5
1227,1318,3,8
1227,1240,9,3
1228,1320,6,5
1228,1321,2,4
1228,1248,8,2
1228,1303,6,9
1228,1317,9,7
1229,1257,6,4
1229,1245,3,5
1229,1256,5,3
1230,1303,2,9
1230,1323,3,2
1230,1317,8,6
1231,1319,2,7
1232,1258,3,2
1233,1315,3,8
1233,1332,9,5
1233,1322,8,10
1234,1330,9,6
1234,1320,3,4
1234,1313,3,4
1234,1333,8,4
1234,1247,6,8
1235,1253,5,2
1235,1304,8,10
1235,1257,4,5
1235,1311,7,9
1235,1256,3,8
1235,1326,6,2
1235,1308,7,6
1236,1328,10,2
1236,1304,9,8
1236,1303,4,2
1236,1247,8,7
1236,1250,10,8
1236,1305,8,6
1237,1254,2,4
1238,1249,6,2
1238,1309,5,6
1238,1308,7,10
1238,1257,6,2
1238,1309,2,7
1239,1339,10,9
1239,1333,9,3
1239,1306,5,7
1239,1302,8,2
1239,1320,5,7
1239,1331,2,7
1239,1329,10,4
1240,1331,3,4
1240,1307,4,8
1240,1310,5,8
1240,1330,4,8
1240,1317,5,3
1241,1311,5,2
1241,1300,8,3
1241,1303,6,7
1241,1321,5,10
1241,1307,7,3
1241,1339,3,9
1242,1334,3,9
1242,1330,6,2
1242,1310,3,5
1242,1308,6,2
1242,1321,7,2
1242,1259,8,2
1242,1257,4,2
1242,1326,5,8
1243,1316,4,2
1243,1339,9,5
1243,1342,2,4
1243,1320,7,10
1243,1306,8,10
1244,1304,4,3
1244,1328,2,5
1244,1334,7,2
1244,1327,7,4
1245,1345,3,8
1245,1329,2,8
1245,1313,4,2
1245,1322,2,8
1247,1329,10,7
1247,1257,3,8
1247,1344,2,7
1247,1329,8,9
1248,1259,10,3
1248,1336,2,6
1249,1303,9,6
1249,1328,5,8
1249,1322,7,5
1249,1334,9,8
1250,1326,5,3
1250,1343,8,3
1250,1305,3,8
1250,1318,7,10
1250,1344,6,5
1251,1304,8,4
1251,1304,8,10
1251,1335,4,3
1252,1305,10,5
1252,1329,6,9
1253,1348,5,6
1253,1346,9,7
1253,1330,6,3
1253,1345,9,5
1254,1309,5,7
1254,1328,2,6
1254,1307,10,2
1254,1335,3,6
1254,1345,7,6
1255,1355,10,4
1256,1328,2,10
1256,1311,6,4
1256,1335,4,3
1257,1308,10,8
1257,1353,10,5
1257,1342,7,4
1257,1316,3,7
1257,1343,5,2
1258,1358,2,4
1258,1354,7,9
1258,1331,7,2
1258,1356,4,5
1259,1352,4,5
1300,1353,3,9
1300,1344,3,4
1300,1344,6,2
1300,1316,7,6
1300,1319,6,5
1301,1344,2,7
1302,1354,8,5
1302,1326,3,5
1302,1352,6,4
1302,1316,5,7
1302,1350,4,10
1303,1341,9,8
1303,1334,10,9
1303,1329,6,8
1303,1336,2,7
1303,1403,10,9
1304,1403,4,9
1304,1342,9,5
1304,1334,7,3
1305,1344,6,10
1305,1349,8,6
1306,1333,2,9
1306,1344,3,6
1306,1342,4,2
1306,1323,7,2
1307,1407,6,4
1307,1349,3,9
1307,1347,5,3
1307,1323,7,8
1308,1327,6,7
1308,1324,5,10
1308,1318,6,9
1309,1403,4,9
1309,1356,8,7
1309,1342,7,2
1309,1349,8,7
1309,1344,5,6
1310,1329,4,2
1310,1328,7,6
1310,1325,9,5
1310,1320,2,9
1310,1343,3,8
1312,1334,8,2
1312,1343,10,4
1312,1349,7,3
1313,1357,4,7
1313,1345,9,5
1313,1338,3,5
1313,1406,8,6
1313,1325,5,9
1314,1332,4,6
1314,1352,4,2
1314,1342,10,8
1314,1342,2,3
1314,1325,2,7
1315,1414,9,10
1315,1356,4,3
1315,1359,3,7
1315,1359,10,8
1316,1348,9,3
1316,1413,7,10
1316,1409,2,5
1316,1400,8,7
1316,1350,9,4
1316,1332,4,8
1316,1406,5,8
1317,1342,7,5
1317,1344,5,10
1319,1333,2,10
1319,1343,2,6
1319,1336,9,3
1320,1417,3,8
1320,1353,2,4
1320,1411,3,10
1320,1414,7,4
1320,1402,8,9
1320,1411,3,6
1321,1410,9,5
1321,1345,7,6
1321,1408,9,3
1321,1356,2,9
1322,1346,10,5
1323,1343,6,10
1323,1410,7,8
1323,1419,5,10
1323,1409,7,8
1323,1333,9,5
1324,1340,8,3
1324,1422,8,2
1324,1419,10,6
1324,1348,10,2
1324,1352,5,2
1325,1421,2,5
1325,1414,4,8
1325,1355,6,5
1326,1357,4,9
1326,1413,10,4
1326,1415,7,4
1326,1414,2,9
1327,1410,4,5
1327,1413,7,3
1328,1426,10,3
1328,1409,7,9
1328,1355,4,5
1328,1339,7,10
1329,1408,9,6
1329,1345,4,10
1329,1429,4,6
1330,1420,2,4
1330,1424,9,8
1330,1406,10,6
1331,1411,2,5
1331,1343,3,10
1331,1426,6,3
1331,1345,6,8
1332,1425,4,5
1332,1425,5,4
1332,1408,5,8
1332,1425,7,5
1332,1422,2,10
1333,1414,4,2
1333,1433,4,5
1333,1355,9,8
1334,1428,4,6
1334,1421,2,9
1334,1354,8,10
1334,1430,3,6
1335,1422,10,8
1335,1433,2,8
1335,1433,10,6
1336,1421,4,9
1336,1431,9,7
1336,1405,2,5
1337,1422,5,3
1337,1433,8,9
1338,1410,7,9
1338,1406,4,8
1338,1410,4,7
1339,1432,10,5
1339,1427,6,10
1340,1431,6,2
1341,1412,4,6
1341,1439,7,4
1341,1403,7,8
1341,1434,2,7
1341,1418,6,8
1342,1355,10,9
1342,1429,7,6
1342,1419,8,9
1342,1421,2,9
1343,1417,3,5
1343,1357,7,4
1343,1418,8,5
1343,1442,7,2
1343,1443,7,5
1343,1441,8,3
1344,1434,4,5
1345,1438,9,5
1345,1439,3,10
1346,1409,4,9
1346,1423,6,10
1347,1439,10,6
1347,1424,9,5
1347,1413,5,10
1347,1404,8,3
1347,1424,4,2
1349,1419,2,6
1349,1405,4,3
1349,1417,4,5
1349,1437,10,8
1350,1439,5,7
1350,1448,8,5
1350,1400,9,6
1350,1428,6,2
1350,1415,7,10
1350,1410,7,10
1351,1410,4,10
1351,1403,3,7
1352,1407,9,8
1352,1448,5,2
1352,1417,7,4
1352,1439,5,10
1352,1444,5,4
1353,1453,7,3
1353,1433,5,7
1353,1417,2,7
1354,1450,10,5
1354,1432,3,10
1354,1415,4,7
1355,1422,8,6
1355,1437,5,2
1355,1411,4,5
1355,1434,5,7
1355,1451,7,9
1356,1421,9,6
1356,1424,2,9
1356,1433,7,5
1356,1407,5,6
1358,1420,10,3
1358,1456,8,6
1358,1429,9,5
1359,1420,5,4
1359,1435,10,2
1359,1418,4,10
1359,1415,2,9
1400,1440,7,10
1400,1432,10,4
1400,1437,7,2
1401,1455,8,7
1401,1445,6,3
1402,1442,10,4
1402,1423,10,2
1402,1426,8,3
1402,1434,6,2
1403,1432,7,5
1403,1429,8,3
1404,1435,9,3
1404,1446,9,10
1405,1454,3,10
1405,1435,3,10
1405,1445,10,8
1405,1501,10,9
1407,1425,8,10
1407,1435,10,4
1407,1453,9,5
1408,1431,4,5
1408,1451,9,2
1408,1432,5,2
1408,1459,5,3
1408,1432,3,6
1408,1424,10,3
1409,1422,2,5
1409,1451,9,2
1409,1439,2,5
1409,1443,2,6
1410,1505,2,9
1410,1458,9,3
1410,1506,9,5
1411,1508,4,2
1411,1441,10,4
1411,1446,3,9
1412,1504,7,8
1412,1449,2,5
1412,1442,4,8
1412,1437,10,9
1412,1447,9,6
1412,1453,9,10
1412,1459,10,5
1412,1425,5,3
1412,1428,7,9
1412,1426,4,9
1414,1514,10,2
1414,1436,3,7
1414,1425,6,5
1415,1453,2,4
1415,1444,6,8
1416,1448,6,5
1416,1449,6,2
1417,1516,5,10
1417,1438,8,5
1418,1432,6,4
1418,1506,7,8
1418,1451,5,10
1418,1442,9,10
1418,1459,7,10
1418,1435,7,4
1419,1432,8,3
1419,1449,9,6
1419,1451,3,6
1420,1515,10,3
1420,1432,2,10
1420,1459,5,7
1421,1438,7,3
1421,1504,5,9
1421,1446,9,10
1421,1431,3,6
1422,1507,3,4
1422,1438,7,2
1422,1451,4,2
1422,1505,5,2
1422,1516,6,8
1422,1437,4,6
1422,1522,8,5
1423,1511,3,8
1423,1513,6,2
1423,1509,7,6
1423,1433,9,10
1423,1507,8,6
1424,1508,2,3
1424,1457,6,10
1424,1446,5,4
1424,1505,10,5
1424,1512,6,2
1425,1455,4,8
1425,1519,10,3
1425,1440,5,9
1425,1515,2,9
1425,1439,6,10
1425,1446,6,4
1425,1503,4,10
1426,1457,2,9
1426,1444,10,5
1427,1510,5,3
1427,1526,3,2
1427,1449,6,7
1428,1509,9,8
1428,1448,4,2
1429,1445,10,6
1429,1458,9,4
1429,1513,3,5
1429,1508,4,3
1429,1509,3,2
1430,1505,7,5
1431,1456,3,6
1431,1523,7,6
1431,1454,9,4
1431,1526,3,5
1431,1459,9,6
1431,1447,10,2
1432,1511,4,5
1432,1454,3,7
1432,1517,4,2
1432,1442,8,10
1432,1513,5,3
1432,1515,10,6
1433,1527,3,6
1434,1528,6,10
1434,1513,7,10
1434,1511,5,3
1434,1506,9,4
1435,1525,4,10
1435,1518,3,5
1435,1455,3,2
1435,1508,4,3
1436,1515,9,2
1436,1520,6,2
1436,1533,4,3
1436,1514,4,10
1436,1515,4,7
1436,1509,4,8
1436,1456,4,5
1437,1526,9,6
1437,1449,6,2
1437,1509,8,3
1438,1508,4,5
1438,1458,6,3
1438,1519,3,7
1439,1539,6,4
1439,1521,9,4
1439,1530,10,6
1439,1526,4,6
1440,1500,2,9
1440,1509,6,9
1440,1531,7,6
1440,1502,6,10
1442,1501,4,6
1442,1510,6,8
1442,1534,4,5
1442,1458,4,7
1443,1541,8,9
1443,1526,5,9
1443,1518,4,2
1443,1525,3,2
1443,1507,4,3
1444,1532,9,6
1444,1533,8,3
1444,1514,9,7
1444,1510,10,9
1444,1506,8,3
1444,1504,4,7
1445,1511,5,7
1445,1500,7,8
1445,1502,10,8
1446,1543,4,8
1446,1541,4,9
1446,1459,10,6
1446,1507,7,9
1446,1515,7,4
1446,1457,7,9
1446,1502,7,3
1446,1546,8,5
1447,1531,2,7
1447,1535,5,8
1447,1541,2,5
1447,1524,9,3
1448,1459,8,4
1449,1524,10,3
1449,1508,5,2
1449,1516,4,8
1449,1540,6,8
1449,1530,3,10
1450,1549,7,8
1450,1519,6,10
1451,1509,10,7
1451,1517,2,8
1451,1509,5,7
1452,1513,3,2
1452,1533,9,7
1452,1516,3,6
1452,1528,9,8
1453,1549,2,6
1453,1538,7,9
1453,1549,5,2
1453,1545,5,9
1453,1513,8,5
1453,1511,10,7
1453,1539,5,7
1454,1506,9,8
1454,1547,2,5
1454,1505,6,10
1454,1526,2,7
1454,1532,5,7
1455,1517,3,6
1455,1551,2,10
1455,1540,7,3
1456,1522,9,2
1456,1535,6,7
1456,1549,10,8
1456,1545,8,3
1456,1533,8,7
1456,1514,6,10
1456,1532,6,4
1456,1519,6,7
1457,1531,2,7
1457,1547,3,8
1458,1531,7,3
1458,1543,4,5
1458,1538,5,4
1459,1528,10,5
1459,1526,3,10
1459,1549,2,6
1459,1557,9,3
1459,1527,2,9
1459,1513,7,8
1500,1522,4,9
1500,1517,5,10
1500,1516,8,9
1500,1520,4,5
1500,1600,10,6
1500,1546,2,9
1501,1514,7,9
1502,1528,9,6
1502,1553,2,4
1502,1543,5,6
1503,1538,3,10
1503,1557,2,10
1503,1539,10,7
1503,1554,3,5
1503,1543,2,5
1503,1545,2,5
1503,1529,3,9
1503,1518,3,2
1504,1547,2,4
1504,1544,3,6
1504,1547,6,3
1505,1601,4,10
1505,1528,7,10
1506,1554,9,7
1506,1545,8,10
1506,1600,6,5
1506,1518,9,8
1507,1534,7,5
1507,1550,3,7
1507,1550,7,8
1507,1547,8,5
1507,1522,2,6
1508,1521,10,5
1508,1522,5,2
1508,1519,6,3
1508,1542,4,8
1508,1603,10,9
1508,1551,8,2
1508,1521,6,3
1509,1541,10,3
1509,1529,3,2
1509,1601,10,7
1510,1548,8,10
1510,1530,8,9
1511,1539,8,3
1511,1544,4,3
1511,1535,5,8
1511,1529,2,9
1511,1542,2,10
1511,1611,4,2
1512,1544,6,4
1512,1609,5,7
1513,1603,7,10
1513,1532,9,7
1514,1552,9,6
1514,1529,9,2
1514,1535,5,9
1514,1614,5,6
1514,1529,7,4
1514,1539,7,2
1515,1613,4,2
1515,1551,10,6
1515,1529,7,6
1515,1613,2,4
1516,1536,9,5
1516,1555,4,6
1516,1540,10,2
1516,1531,6,4
1516,1553,10,6
1517,1545,3,7
1517,1557,5,2
1518,1536,8,7
1518,1602,4,9
1518,1529,2,3
1519,1548,3,2
1520,1612,7,8
1521,1541,5,10
1521,1610,4,8
1521,1544,2,10
1521,1606,9,4
1521,1615,8,6
1522,1559,2,6
1522,1605,2,10
1522,1534,7,2
1522,1610,6,8
1523,1609,8,5
1523,1620,2,9
1524,1556,8,6
1525,1618,10,3
1525,1545,2,3
1525,1612,4,3
1526,1619,4,10
1526,1537,3,9
1526,1540,10,7
1526,1606,7,10
1527,1614,4,3
1527,1543,6,8
1527,1623,7,6
1528,1542,3,10
1528,1551,4,3
1528,1555,2,6
1529,1607,3,7
1529,1549,9,3
1529,1540,6,10
1529,1545,2,10
1529,1608,2,7
1529,1629,10,7
1530,1610,6,2
1530,1630,5,4
1530,1601,10,2
1530,1614,6,10
1531,1601,10,8
1531,1613,4,3
1531,1627,3,8
1531,1608,4,10
1531,1558,5,4
1532,1618,8,10
1532,1619,8,3
1532,1611,4,3
1532,1629,6,5
1534,1611,8,5
1534,1619,7,6
1534,1553,10,7
1534,1547,2,3
1534,1604,7,4
1536,1615,6,2
1536,1601,2,6
1536,1626,5,6
1536,1612,9,8
1537,1556,9,3
1537,1557,8,2
1537,1637,2,8
1537,1622,5,3
1537,1601,2,10
1537,1553,3,9
1538,1629,8,9
1538,1626,8,10
1538,1609,8,4
1539,1604,5,3
1539,1606,6,10
1539,1604,10,3
1539,1637,8,2
1539,1607,2,9
1539,1606,4,7
1539,1550,9,6
1539,1600,6,4
1540,1608,4,7
1540,1620,2,10
1540,1613,5,7
1540,1605,10,5
1540,1559,2,10
1540,1603,4,2
1542,1627,2,6
1542,1635,2,9
1542,1552,7,3
1542,1632,6,2
1543,1628,8,7
1543,1610,5,4
1544,1639,8,3
1544,1556,4,3
1544,1635,9,3
1545,1618,7,3
1545,1558,8,3
1545,1631,2,5
1545,1605,4,9
1546,1604,7,8
1546,1614,6,2
1546,1617,3,10
1546,1603,4,5
1546,1557,8,6
1547,1625,8,4
1547,1634,4,7
1548,1632,3,10
1548,1559,8,10
1548,1611,4,7
1548,1609,9,8
1549,1624,5,9
1550,1601,4,5
1550,1602,2,5
1550,1648,6,5
1551,1613,5,10
1551,1642,3,10
1552,1605,9,6
1553,1634,10,6
1553,1638,9,8
1553,1649,5,4
1553,1617,8,9
1554,1635,4,6
1554,1605,7,8
1554,1618,2,8
1554,1604,10,6
1555,1641,2,4
1555,1616,4,7
1555,1634,2,5
1555,1617,2,5
1556,1613,8,6
1556,1624,7,2
1556,1656,8,2
1556,1652,3,8
1556,1642,10,3
1557,1620,10,2
1557,1620,4,6
1558,1631,10,3
1558,1631,8,2
1559,1631,8,9
1559,1651,4,7
1559,1637,7,2
1559,1621,4,6
1559,1650,10,7
1600,1655,5,10
1601,1639,5,4
1601,1613,8,7
1601,1616,10,4
1601,1654,6,9
1602,1627,5,2
1603,1613,8,7
1603,1628,9,4
1604,1645,10,8
1604,1649,4,7
1604,1700,8,2
1604,1625,8,9
1605,1639,9,7
1605,1621,5,7
1605,1653,8,9
1605,1649,9,2
1605,1633,3,5
1606,1701,10,8
1606,1646,4,5
1607,1650,2,9
1607,1707,6,4
1607,1629,8,10
1607,1619,7,4
1609,1702,4,2
1609,1626,2,4
1609,1638,8,2
1609,1651,6,4
1610,1658,10,4
1610,1636,5,7
1610,1625,8,10
1610,1639,6,2
1610,1648,5,4
1611,1627,9,5
1611,1636,10,3
1611,1641,7,6
1612,1638,5,6
1613,1701,10,4
1613,1657,8,7
1613,1642,4,2
1613,1658,4,5
1613,1702,5,7
1613,1644,10,9
1614,1633,4,10
1614,1628,7,6
1614,1714,2,7
1614,1710,7,2
1614,1648,8,9
1614,1653,7,4
1614,1656,9,5
1614,1700,6,10
1615,1644,8,2
1615,1650,7,6
1615,1634,10,5
1615,1648,2,9
1616,1706,5,2
1616,1658,2,9
1617,1643,5,3
1618,1648,3,4
1618,1649,8,3
1618,1631,4,3
1618,1707,9,4
1618,1700,2,5
1618,1703,8,6
1618,1639,5,7
1618,1649,6,5
1618,1652,4,10
1619,1644,7,2
1619,1708,6,4
1620,1651,6,7
1620,1646,8,2
1620,1713,5,7
1620,1633,8,7
1620,1636,5,10
1620,1631,2,4
1620,1700,2,9
1621,1644,5,7
1621,1704,6,3
1621,1720,6,9
1621,1709,9,10
1621,1712,7,6
1621,1633,3,10
1622,1646,5,3
1622,1642,5,6
1622,1633,3,7
1622,1635,4,6
1623,1649,6,7
1623,1658,10,6
1623,1700,5,2
1624,1642,3,8
1624,1640,7,5
1624,1713,2,9
1624,1658,2,3
1624,1649,7,2
1624,1659,3,5
1624,1641,5,3
1625,1653,5,8
1625,1704,10,8
1625,1721,10,8
1625,1720,7,5
1625,1659,10,3
1626,1652,10,2
1626,1653,5,10
1626,1720,10,6
1626,1652,3,2
1626,1702,7,10
1626,1640,5,6
1626,1712,10,9
1626,1652,2,4
1626,1636,6,9
1626,1654,4,10
1627,1712,9,2
1627,1715,10,2
1627,1716,3,2
1627,1709,7,8
1627,1722,3,4
1628,1718,6,10
1628,1703,4,6
1628,1704,3,8
1628,1656,4,3
1629,1710,10,7
1629,1652,7,3
1629,1727,4,7
1630,1729,4,9
1630,1646,8,9
1631,1711,2,6
1632,1723,7,4
1633,1655,3,8
1633,1650,4,3
1633,1700,4,6
1634,1722,9,7
1634,1711,6,3
1634,1705,3,8
1635,1709,6,9
1635,1718,7,3
1635,1731,9,10
1636,1650,6,8
1636,1717,9,10
1636,1733,2,3
1636,1728,7,8
1637,1651,10,3
1637,1706,2,9
1637,1653,8,6
1637,1732,6,8
1639,1724,9,3
1639,1653,10,4
1640,1740,9,10
1640,1727,2,4
1640,1721,5,7
1640,1656,8,3
1640,1719,6,7
1640,1718,4,6
1640,1727,8,2
1640,1716,4,9
1640,1659,6,5
1642,1710,6,9
1642,1700,3,10
1643,1721,4,10
1643,1700,2,8
1644,1717,8,2
1644,1726,10,2
1644,1738,5,2
1644,1737,7,5
1644,1714,5,8
1645,1718,5,6
1645,1714,3,6
1645,1711,4,5
1645,1715,7,2
1645,1716,8,6
1646,1724,9,7
1646,1714,4,5
1647,1703,10,2
1647,1737,4,6
1647,1705,4,8
1648,1747,3,4
1648,1715,10,2
1648,1736,6,5
1649,1743,3,8
1649,1705,4,8
1649,1734,10,4
1651,1728,5,8
1651,1711,6,3
1651,1729,6,7
1652,1708,2,6
1652,1745,3,10
1652,1724,4,7
1653,1724,3,8
1653,1734,9,2
1654,1719,9,8
1654,1733,4,7
1654,1728,7,8
1654,1745,2,7
1654,1749,7,10
1655,1729,4,2
1655,1753,9,10
1655,1749,3,8
1655,1743,9,7
1655,1738,3,4
1655,1755,7,10
1656,1720,4,9
1656,1743,7,5
1656,1739,5,6
1656,1709,8,4
1657,1729,6,10
1657,1722,7,9
1657,1729,10,6
1657,1722,8,6
1658,1734,7,2
1659,1712,7,5
1659,1715,5,4
1700,1724,9,8
1700,1717,6,2
1700,1754,6,5
1701,1745,9,4
1702,1757,9,10
1702,1753,7,2
1702,1713,8,6
1702,1723,5,4
1703,1751,8,7
1703,1733,5,3
1705,1802,7,9
1705,1727,10,6
1705,1727,9,4
1706,1802,9,6
1706,1751,9,7
1706,1726,7,2
1706,1722,8,5
1706,1720,5,10
1706,1748,10,3
1706,1749,8,2
1707,1746,6,9
1707,1734,9,8
1707,1740,9,5
1707,1744,8,9
1707,1724,2,5
1707,1743,5,3
1709,1801,10,5
1709,1757,9,7
1710,1803,2,5
1710,1747,10,3
1710,1753,9,6
1710,1802,9,3
1710,1808,6,10
1711,1722,8,2
1711,1755,8,9
1711,1733,3,2
1711,1744,2,9
1711,1740,9,10
1712,1754,8,6
1712,1745,9,3
1712,1746,9,8
1713,1802,9,5
1713,1753,9,8
1713,1809,4,9
1713,1737,6,3
1713,1813,7,4
1714,1743,6,9
1714,1804,7,3
1714,1745,5,7
1714,1754,6,3
1715,1729,4,8
1715,1804,7,5
1715,1728,7,4
1716,1806,4,5
1716,1731,4,3
1716,1816,4,2
1716,1726,7,8
1717,1759,4,8
1717,1757,9,10
1717,1728,3,2
1718,1731,2,9
1718,1730,10,5
1718,1817,2,5
1719,1737,5,6
1719,1756,5,8
1719,1738,2,5
1720,1757,7,9
1720,1805,2,7
1720,1730,4,3
1720,1730,7,3
1720,1817,3,7
1721,1744,3,9
1721,1732,8,3
1722,1820,9,10
1722,1736,2,10
1722,1803,5,3
1722,1738,2,3
1722,1759,6,7
1723,1823,3,4
1723,1807,3,2
1724,1749,10,7
1724,1810,3,9
1724,1735,10,3
1724,1819,7,8
1725,1737,10,2
1725,1806,7,4
1725,1816,4,5
1725,1811,3,5
1726,1746,5,8
1726,1744,9,7
1726,1815,10,5
1726,1750,9,4
1727,1805,7,3
1727,1823,2,5
1727,1811,9,8
1728,1805,8,2
1728,1741,5,8
1729,1829,5,8
1729,1807,4,3
1729,1809,2,4
1730,1800,7,3
1730,1752,10,3
1730,1806,6,10
1730,1828,6,2
1731,1825,2,6
1731,1757,6,2
1731,1750,2,4
1732,1759,2,10
1732,1812,3,2
1732,1821,5,9
1732,1803,4,5
1732,1828,5,3
1732,1742,9,6
1732,1805,6,2
1732,1751,2,8
1733,1830,4,8
1733,1828,8,7
1733,1756,8,4
1733,1755,9,6
1734,1757,4,7
1735,1809,8,5
1735,1817,10,5
1735,1806,5,6
1736,1835,7,4
1736,1822,5,8
1737,1818,6,7
1737,1837,10,8
1737,1758,9,3
1737,1836,3,10
1737,1834,8,5
1737,1750,4,2
1738,1802,4,8
1738,1749,2,7
1738,1812,6,9
1738,1809,8,5
1738,1821,10,2
1739,1810,7,2
1739,1826,4,5
1739,1823,2,3
1739,1805,4,10
1739,1812,5,8
1740,1820,8,9
1741,1831,3,5
1742,1804,4,8
1742,1818,3,6
1742,1841,5,8
1742,1823,5,10
1742,1836,4,10
1742,1820,8,5
1743,1817,3,9
1743,1807,6,2
1743,1757,8,10
1743,1800,9,4
1744,1802,2,9
1744,1803,10,2
1745,1836,2,10
1745,1835,9,10
1745,1828,6,8
1746,1842,4,2
1746,1830,8,7
1747,1815,7,5
1747,1819,5,10
1747,1836,4,6
1747,1814,7,6
1747,1835,6,9
1747,1806,7,2
1748,1831,5,10
1748,1805,3,5
1748,1848,4,5
1748,1802,9,2
1749,1842,5,9
1749,1849,5,6
1749,1830,10,5
1750,1850,6,10
1750,1807,4,8
1751,1815,7,6
1751,1818,4,9
1752,1805,2,5
1752,1833,8,2
1752,1850,9,7
1753,1809,7,6
1753,1837,3,6
1754,1816,6,10
1754,1832,3,2
1754,1811,9,7
1754,1818,8,6
1754,1814,9,2
1754,1852,8,10
1754,1846,8,7
1755,1831,6,5
1756,1820,7,4
1756,1809,8,3
1756,1845,2,6
1757,1840,10,3
1757,1840,9,7
1757,1840,7,5
1757,1839,10,2
1757,1830,6,8
1757,1843,5,2
1758,1846,6,7
1758,1828,9,8
1758,1858,10,4
1759,1826,9,2
1759,1826,3,10
1759,1812,3,2
1800,1820,8,2
1800,1829,9,10
1800,1846,4,2
1801,1817,7,5
1801,1817,7,2
1801,1822,2,5
1802,1846,9,3
1802,1816,4,10
1803,1833,8,7
1803,1848,5,8
1803,1814,5,3
1803,1836,3,6
1804,1817,4,8
1804,1822,9,3
1804,1831,7,10
1805,1901,8,2
1806,1834,7,10
1806,1836,7,4
1806,1821,10,7
1806,1848,5,10
1807,1856,10,9
1807,1827,7,10
1807,1845,6,7
1807,1818,2,7
1807,1833,4,9
1808,1838,5,2
1808,1822,5,2
1809,1831,8,10
1809,1902,6,10
1809,1856,10,2
1809,1846,9,2
1809,1846,7,6
1809,1827,4,5
1810,1823,5,6
1810,1830,10,8
1811,1902,7,9
1811,1841,10,9
1811,1846,4,2
1811,1827,3,8
1811,1854,4,2
1812,1908,8,9
1812,1840,5,3
1813,1906,7,8
1813,1840,3,9
1813,1905,4,5
1814,1857,6,8
1814,1851,4,5
1814,1840,2,3
1814,1900,8,6
1815,1859,5,7
1815,1834,6,9
1815,1848,7,8
1816,1833,2,9
1816,1844,7,9
1816,1842,7,4
1816,1832,5,10
1816,1915,9,10
1816,1843,3,9
1817,1906,8,6
1817,1837,7,9
1817,1912,9,7
1817,1847,2,7
1817,1831,7,10
1818,1914,4,2
1818,1833,3,4
1819,1901,9,6
1819,1843,6,7
1819,1840,4,10
1820,1842,6,4
1820,1851,5,2
1820,1916,5,8
1820,1857,9,8
1820,1849,7,4
1821,1919,6,5
1821,1856,7,2
1821,1838,9,5
1821,1911,5,4
1821,1918,10,9
1821,1917,3,2
1821,1832,8,3
1821,1841,5,7
1821,1844,9,5
1822,1906,6,8
1822,1915,3,2
1822,1855,10,9
1822,1837,5,10
1823,1911,9,6
1823,1915,9,5
1823,1909,3,5
1823,1920,3,9
1824,1855,6,5
1824,1855,10,7
1824,1924,8,10
1824,1914,6,2
1825,1835,4,6
1825,1851,4,7
1825,1920,8,7
1826,1915,5,10
1826,1905,9,3
1827,1905,10,5
1827,1837,4,9
1828,1849,3,2
1829,1904,7,4
1829,1843,3,8
1829,1916,10,9
1829,1903,4,10
1830,1914,5,3
1831,1907,2,3
1831,1844,7,2
1832,1901,5,6
1832,1908,6,5
1832,1857,10,6
1832,1901,8,5
1832,1929,6,7
1833,1853,5,6
1833,1847,8,2
1833,1856,6,7
1833,1852,5,9
1833,1914,6,9
1833,1911,8,6
1833,1846,9,5
1834,1845,10,7
1834,1928,9,4
1834,1913,9,4
1834,1916,5,8
1835,1914,3,6
1835,1921,3,10
1835,1925,8,9
1835,1855,3,4
1836,1907,7,8
1836,1856,3,2
1836,1854,7,2
1837,1932,2,9
1837,1924,4,3
1838,1919,2,5
1838,1910,10,3
1838,1914,5,9
1838,1910,10,5
1839,1857,5,6
1839,1853,7,10
1839,1908,4,10
1840,1939,5,6
1840,1917,5,10
1840,1914,10,4
1840,1850,10,4
1840,1912,5,8
1840,1934,5,8
1840,1913,5,9
1840,1925,5,9
1840,1914,6,7
1841,1914,10,4
1841,1939,2,3
1841,1933,10,9
1842,1938,7,9
1842,1926,9,10
1842,1859,3,6
1842,1854,3,5
1843,1942,5,6
1843,1909,6,2
1843,1906,5,7
1843,1906,3,7
1843,1913,5,4
1843,1903,8,10
1844,1941,7,8
1844,1937,7,2
1844,1901,4,3
1844,1906,6,2
1844,1939,2,10
1844,1917,2,3
1844,1925,4,8
1844,1921,2,10
1844,1906,8,2
1845,1911,9,4
1845,1916,5,2
1845,1925,9,4
1845,1901,3,4
1845,1919,5,2
1846,1904,2,9
1846,1926,10,7
1846,1900,9,7
1846,1900,4,5
1847,1938,10,7
1847,1911,8,2
1847,1919,5,10
1847,1912,9,5
1848,1911,6,3
1848,1931,5,8
1848,1912,8,3
1848,1935,2,7
1848,1915,2,7
1848,1947,7,4
1848,1948,9,5
1848,1926,6,9
1849,1941,9,2
1849,1921,2,6
1849,1933,2,8
1851,1916,4,3
1851,1908,3,9
1852,1917,10,2
1852,1904,9,2
1852,1946,6,2
1853,1942,3,8
1853,1922,3,6
1853,1904,3,4
1854,1922,5,7
1854,1926,10,8
1854,1928,5,2
1854,1912,8,7
1855,1932,6,3
1855,1951,9,4
1855,1922,2,7
1856,1922,10,7
1856,1950,8,4
1857,1928,6,9
1857,1931,5,7
1857,1949,6,8
1857,1946,6,2
1858,1949,5,8
1858,1934,4,8
1858,1937,3,7
1859,1959,3,4
1859,1927,9,3
1859,1931,7,3
1859,1910,8,7
1859,1931,5,6
1900,1942,5,4
1900,1926,8,4
1900,1954,5,8
1900,1931,8,2
1900,1948,10,6
1900,1942,7,3
1900,1944,9,3
1901,1952,8,6
1901,1928,7,3
1902,1933,2,7
1902,1925,9,6
1902,1915,9,8
1902,1931,9,3
1903,1923,7,9
1903,1923,9,4
1903,2000,4,10
1903,1940,9,10
1904,1934,3,6
1904,1928,5,2
1904,1927,3,9
1905,1934,10,9
1905,1931,5,3
1906,2000,2,8
1906,1938,6,5
1906,1916,7,6
1906,1950,7,4
1906,1924,3,5
1906,1927,10,3
1906,1933,8,4
1907,1930,7,4
1907,1931,6,9
1908,1936,4,7
1908,1956,4,7
1908,1957,9,8
1908,1924,7,6
1908,1955,6,4
1908,1923,5,2
1908,1949,4,9
1908,1933,10,9
1909,1949,5,2
1909,1943,4,8
1909,1958,4,7
1909,1943,10,6
1910,2004,2,7
1910,1948,5,9
1910,1935,8,4
1910,1920,9,6
1911,1937,9,4
1911,1936,7,4
1911,1930,2,5
1911,1948,10,6
1912,2006,6,3
1912,1930,4,10
1912,1938,5,6
1912,1936,9,8
1912,2001,2,8
1912,2011,2,4
1913,1938,6,3
1913,1958,3,7
1914,2006,4,2
1914,2009,9,3
1914,1942,4,9
1914,1956,10,4
1914,2007,8,6
1915,1949,4,8
1916,1944,2,7
1916,2005,8,6
1916,2012,6,8
1917,1953,5,4
1917,1952,8,7
1917,2002,8,5
1917,2007,3,9
1918,1959,10,7
1918,1955,7,9
1918,1948,7,6
1919,1948,6,9
1921,1932,7,9
1921,2020,9,6
1921,2007,8,3
1922,1943,5,10
1922,1938,4,7
1922,2014,3,8
1923,1956,10,9
1923,1945,6,10
1924,1937,8,7
1924,1947,10,4
1924,1950,5,9
1924,2006,9,8
1925,2024,5,2
1925,2015,9,8
1925,2010,9,8
1926,1939,2,9
1926,2005,9,8
1926,1948,3,5
1928,1940,2,7
1928,1950,6,7
1929,2019,5,6
1929,1953,2,9
1929,2017,6,2
1929,2003,10,7
1930,2025,6,9
1930,2006,4,7
1931,2015,3,5
1931,1942,7,4
1932,2012,2,7
1932,2000,6,8
1932,2006,6,8
1933,1948,7,3
1933,1956,2,4
1934,2027,2,6
1934,2003,9,8
1934,1946,8,10
1934,2015,4,2
1934,2021,9,5
1935,2002,8,2
1936,2012,9,5
1936,1959,4,2
1936,1950,7,5
1936,2000,6,8
1937,1952,8,6
1937,1954,10,8
1937,2013,10,7
1938,2035,9,2
1938,2030,8,3
1938,2001,10,8
1938,1951,7,9
1938,2017,10,3
1939,2020,4,2
1939,1951,9,2
1940,2014,8,3
1940,2015,5,8
1940,2029,8,2
1940,1950,3,2
1940,2022,9,3
1941,2035,8,5
1941,2033,5,6
1941,2005,6,2
1942,2005,9,5
1943,1953,8,4
1943,2016,8,3
1943,2016,2,3
1943,2006,5,7
1943,2043,4,9
1944,2027,10,9
1944,1955,8,4
1944,2040,9,2
1944,2033,7,6
1944,2027,6,9
1945,2040,3,5
1945,1956,9,8
1945,2042,2,9
1945,2001,2,9
1946,2040,4,8
1946,2003,10,4
1947,2024,7,4
1947,2029,3,7
1947,2012,10,4
1948,2044,7,9
1948,2047,5,7
1948,2028,9,4
1948,2026,3,9
1948,2021,10,9
1949,2025,4,9
1949,2028,3,6
1950,2012,10,2
1950,2029,4,10
1950,2023,3,8
1951,2003,5,3
1952,2003,4,6
1952,2027,9,10
1952,2031,2,8
1952,2020,10,9
1952,2019,2,4
1953,2013,7,10
1953,2025,2,9
1954,2036,4,2
1954,2039,9,6
1954,2048,8,4
1955,2012,5,10
1955,2031,9,5
1957,2013,8,9
1957,2019,7,6
1957,2009,5,4
1957,2056,4,9
1957,2023,10,7
1957,2051,9,8
1957,2015,8,3
1957,2040,2,5
1958,2012,10,9
1958,2014,2,10
1959,2020,9,8
1959,2027,3,8
1959,2047,7,2
1959,2036,8,7
1959,2016,4,7
1959,2018,8,3
1959,2048,3,5
1959,2059,3,6
1959,2050,6,8
1959,2031,10,3
2000,2019,10,3
2000,2046,5,2
2000,2034,4,6
