5000
600,656,2,6
600,613,9,6
600,613,7,5
600,630,3,2
600,652,4,5
600,626,8,6
600,614,6,10
600,629,9,8
600,614,4,2
600,634,3,5
601,653,10,9
601,659,8,6
601,618,2,9
601,640,6,4
601,625,2,5
602,659,8,5
602,642,4,2
603,659,6,10
603,640,3,6
603,628,6,8
603,652,5,8
604,614,4,8
604,634,8,6
604,629,7,4
605,636,9,4
605,631,10,8
605,625,10,6
605,639,4,8
605,705,10,9
606,638,6,8
606,650,10,8
606,641,7,8
606,642,2,5
606,657,3,2
606,642,6,8
606,655,2,7
606,658,10,8
606,633,7,4
607,628,3,6
608,643,6,3
608,624,8,9
608,621,7,3
609,626,3,4
609,619,7,3
609,627,4,7
609,708,8,6
609,633,2,6
609,702,10,4
609,629,7,10
609,638,4,7
610,653,5,3
610,626,6,5
610,650,4,7
610,631,2,3
610,631,5,2
611,637,5,3
611,656,10,4
611,701,5,6
611,628,3,9
611,701,4,2
611,658,6,2
611,701,3,10
612,658,6,9
612,623,10,6
612,640,8,3
612,645,7,4
612,707,4,2
612,625,5,4
612,707,10,5
612,651,9,10
612,640,9,8
612,648,3,10
612,630,5,8
613,631,10,6
613,655,7,9
613,705,5,9
613,705,9,8
613,701,6,2
614,640,5,2
614,645,3,6
614,710,8,5
614,709,10,8
614,633,2,5
614,651,4,5
615,638,5,3
615,635,6,3
615,650,7,2
615,712,10,4
616,638,10,8
616,657,3,2
616,633,9,4
616,655,4,6
616,643,7,2
616,633,5,6
616,658,6,2
616,710,3,4
617,651,3,10
617,657,7,6
617,650,10,9
617,634,2,7
618,711,2,5
618,709,2,9
618,656,7,8
619,658,3,7
619,700,4,2
619,646,10,3
620,650,6,3
620,651,6,9
620,701,7,3
620,634,3,5
621,712,2,5
621,632,10,5
621,710,3,6
621,650,4,8
621,634,2,5
621,702,2,6
621,720,10,6
622,636,5,9
622,641,4,3
622,703,8,4
623,638,8,10
623,654,3,4
623,638,10,9
623,710,9,6
623,706,10,4
623,708,7,5
623,634,6,7
623,658,10,6
624,707,7,8
624,654,8,7
624,716,8,10
624,653,2,5
624,635,2,6
624,644,3,4
625,708,7,10
625,646,9,5
625,655,7,8
626,659,10,7
626,714,3,10
626,659,5,6
626,704,5,8
626,707,5,9
626,716,8,7
626,715,9,6
626,644,2,4
627,703,2,8
627,726,8,3
628,715,2,4
628,653,6,9
628,728,10,6
628,728,4,8
628,716,2,10
628,714,7,3
628,641,6,8
629,719,5,4
629,644,4,6
629,655,6,10
629,709,10,9
629,729,2,7
629,709,2,4
629,707,10,8
629,700,5,9
630,720,6,9
630,704,8,4
630,715,3,4
630,700,4,5
630,642,2,3
630,715,4,8
631,706,9,10
631,723,9,3
631,720,2,6
632,702,8,6
632,718,8,9
632,646,7,8
632,726,9,2
632,714,7,10
632,707,7,4
633,657,6,9
633,700,5,10
633,715,7,8
633,725,6,7
633,701,8,6
633,654,10,6
633,643,2,4
634,648,2,8
634,646,9,7
634,645,3,2
634,711,10,8
634,708,7,3
634,652,2,7
634,711,2,4
635,701,8,4
636,725,3,5
636,730,6,2
636,647,10,3
637,655,10,7
637,735,5,6
637,737,7,10
637,708,2,7
637,718,8,9
637,659,4,6
637,700,5,8
637,707,8,2
637,711,7,2
637,715,5,2
638,648,6,3
638,734,8,3
638,730,8,6
638,735,3,9
638,713,8,2
638,712,4,3
638,719,8,9
638,706,2,6
639,719,5,9
639,706,5,4
639,712,2,4
639,720,3,9
639,655,2,6
640,705,9,10
640,659,7,2
640,726,4,2
640,721,9,10
640,658,5,4
640,708,7,8
641,653,2,4
641,659,10,3
641,723,7,9
641,704,6,3
641,715,6,3
641,701,6,7
641,705,9,5
642,712,6,10
642,724,3,4
642,727,5,2
642,714,2,9
643,739,7,8
643,711,3,7
643,720,3,8
643,730,9,4
643,737,7,8
643,655,5,4
643,701,5,10
644,720,7,5
644,735,9,7
644,655,5,6
644,658,5,8
644,738,6,2
644,730,2,4
644,713,4,5
645,655,7,4
645,657,9,10
645,721,9,6
645,701,10,6
645,709,5,8
645,713,4,2
645,704,4,5
645,725,6,10
646,659,10,6
646,737,6,5
646,715,6,9
646,706,10,3
646,743,7,9
646,732,2,5
646,659,7,3
646,717,7,9
646,657,6,4
647,712,9,3
647,717,2,6
647,701,6,10
647,727,7,8
647,701,6,7
647,737,3,9
647,745,5,10
647,730,6,10
648,659,7,6
648,715,8,10
648,708,3,6
649,702,6,9
649,723,9,8
649,743,3,8
649,740,6,7
649,718,6,5
649,735,10,8
649,728,6,2
649,737,5,3
649,703,8,10
650,711,4,2
650,728,9,8
651,736,5,3
651,751,7,5
651,744,8,9
651,739,7,6
652,718,9,3
652,709,8,7
652,726,8,10
652,738,8,4
652,714,5,7
652,729,9,3
652,717,4,3
652,739,6,3
653,712,4,2
653,744,9,7
653,728,6,5
653,745,5,3
653,715,5,9
653,721,8,3
653,710,10,7
653,745,6,2
653,744,5,9
653,747,6,2
654,746,2,5
654,704,10,7
654,735,6,2
654,727,5,8
654,737,4,10
655,747,5,8
655,728,8,5
655,710,8,7
655,719,10,3
655,734,8,4
656,713,10,4
656,744,5,10
656,725,8,3
656,739,5,7
656,713,8,10
657,746,6,3
658,723,10,2
658,731,10,2
658,748,2,7
658,735,8,4
659,746,10,2
659,739,10,7
659,724,5,3
659,713,6,3
700,720,8,2
700,727,4,5
700,757,4,5
700,758,8,4
700,753,7,3
700,747,3,4
700,734,2,3
701,715,9,2
701,801,8,10
701,727,6,4
701,712,10,5
702,717,6,8
702,736,10,8
702,729,2,3
702,747,7,6
703,741,3,7
703,750,10,5
703,736,8,9
703,752,6,3
704,755,2,10
704,724,4,7
704,722,5,4
705,741,8,7
705,731,5,7
705,732,8,9
705,740,5,10
705,736,2,5
705,800,10,4
705,748,10,3
705,729,4,5
705,719,4,3
706,741,9,3
706,739,5,7
706,753,4,3
706,728,10,4
706,726,2,10
706,719,3,9
706,741,8,2
707,730,7,5
707,738,3,10
707,736,8,9
707,736,10,8
707,739,8,10
707,759,6,7
708,737,2,3
708,756,7,9
708,718,4,3
708,718,6,5
708,734,9,3
708,722,3,6
708,808,4,8
708,730,6,9
708,732,3,2
708,807,3,6
708,742,4,2
708,730,5,9
709,721,7,3
709,749,9,6
709,754,10,3
709,740,2,9
709,749,8,10
709,800,9,8
709,721,2,4
709,721,5,2
709,741,7,5
710,749,6,7
710,731,4,6
711,738,8,7
711,730,2,3
711,726,7,8
711,733,2,4
711,810,8,10
712,807,2,5
712,805,5,6
712,736,8,3
712,733,9,6
712,736,6,4
712,810,7,6
713,804,2,4
713,725,4,9
713,744,4,9
714,814,7,10
714,742,3,6
714,728,6,9
714,804,9,8
714,732,10,8
714,735,7,9
715,746,4,8
715,726,9,8
715,803,7,6
715,740,9,6
716,736,2,8
716,738,4,3
716,814,9,7
716,757,2,5
716,737,7,3
716,759,7,3
716,808,10,6
717,804,5,3
717,727,2,7
717,744,10,8
718,800,6,5
718,818,6,4
718,743,9,3
718,728,8,4
718,738,2,7
718,731,4,9
718,748,7,2
719,814,6,5
719,805,3,2
719,742,10,3
719,800,7,5
719,801,9,3
719,808,3,2
720,755,6,7
720,753,8,9
720,818,9,4
720,757,3,2
720,817,6,3
720,757,9,6
720,743,4,10
720,753,9,4
721,732,6,5
721,809,2,8
721,741,7,5
721,753,10,3
721,814,9,2
721,814,7,4
722,740,4,5
722,820,4,2
723,756,5,2
723,752,9,8
723,759,8,10
723,754,4,3
724,805,8,7
724,752,10,3
724,809,5,9
724,822,8,5
724,743,2,3
724,740,3,2
724,818,8,7
725,753,10,8
725,801,6,7
725,815,10,5
725,751,8,4
725,821,4,6
725,744,8,9
725,748,10,7
725,735,3,9
726,744,8,9
726,816,9,5
726,743,10,6
726,758,8,5
726,739,6,8
726,740,3,10
726,810,3,4
727,826,6,5
727,819,7,10
727,750,9,4
727,810,8,10
727,801,3,6
727,811,4,10
728,744,4,3
728,813,9,2
728,755,8,7
728,809,5,7
728,757,9,4
728,823,6,4
728,813,9,5
728,803,7,2
729,743,2,4
729,742,3,8
729,752,9,8
729,814,6,2
730,807,3,5
730,747,3,4
730,800,6,9
731,810,5,6
731,804,4,3
731,742,5,4
731,747,8,9
731,808,6,7
732,752,6,2
732,745,5,2
732,831,10,3
732,821,6,5
732,832,7,5
732,814,5,6
732,828,5,4
733,831,2,3
733,757,2,6
733,813,7,8
733,825,5,2
733,748,3,8
733,757,9,7
733,815,9,2
733,750,9,7
733,825,7,10
733,805,4,5
734,824,8,6
734,747,8,4
734,800,6,3
734,823,10,2
734,834,4,2
734,800,2,6
735,803,5,8
735,806,9,2
735,810,7,3
735,834,6,7
735,829,9,3
735,755,2,3
735,750,2,8
735,756,10,3
735,750,8,6
735,816,7,4
735,806,5,3
735,801,10,5
735,835,10,8
736,748,9,7
736,815,7,4
736,757,10,9
736,809,6,10
736,814,7,10
736,800,9,3
736,823,2,3
737,826,7,10
737,822,2,7
737,825,7,8
737,820,7,6
737,813,6,7
737,834,8,5
737,748,8,9
737,816,10,8
738,835,7,4
738,751,8,10
738,821,3,2
738,822,7,4
738,830,4,2
738,810,9,4
738,801,10,4
738,826,10,3
739,814,7,10
739,750,5,4
739,823,7,8
739,831,2,10
739,823,6,5
739,751,6,2
740,817,5,3
740,802,9,7
740,805,8,5
740,814,5,8
741,834,7,10
741,838,2,3
741,811,4,8
741,755,10,7
741,820,4,5
741,759,6,4
742,804,6,5
742,820,3,10
742,818,7,9
742,835,4,2
742,807,5,6
742,811,7,9
742,754,3,2
742,757,10,5
743,817,6,9
743,839,5,10
743,754,4,8
743,756,7,6
743,839,3,8
743,802,10,6
744,759,8,3
744,802,3,4
744,837,2,10
744,836,7,9
744,834,5,6
745,756,3,7
745,840,10,6
745,755,3,5
745,827,8,4
745,832,6,4
745,830,6,3
745,838,6,5
745,838,10,9
746,832,10,5
746,809,10,5
746,822,9,4
746,809,10,8
746,839,9,7
746,843,2,10
746,813,9,7
746,843,6,3
747,829,3,6
747,817,10,5
747,847,3,4
747,815,8,4
747,817,8,5
747,818,5,10
747,827,10,5
747,840,6,8
748,834,3,6
748,816,6,3
748,806,3,2
748,836,5,7
748,824,9,2
749,805,10,4
749,815,5,3
749,800,8,4
749,830,5,3
749,839,7,9
749,803,5,2
749,820,5,9
749,812,4,7
750,822,10,7
750,801,6,8
750,807,6,9
750,832,8,3
750,817,9,6
750,828,4,3
750,820,7,5
751,839,8,7
751,840,5,2
751,810,10,8
751,806,4,3
751,828,5,4
751,835,6,5
752,820,2,5
752,835,4,9
752,808,2,4
752,819,7,6
752,802,2,4
752,802,9,4
752,852,4,2
752,845,4,3
753,852,6,5
753,834,10,2
753,839,9,4
753,843,9,6
753,811,10,8
753,812,2,4
753,832,3,4
753,833,4,3
753,821,4,6
754,833,2,8
754,836,10,2
755,831,4,3
755,827,9,4
755,842,9,3
755,841,8,6
755,835,9,8
755,838,6,10
756,856,3,9
756,812,5,2
756,845,5,3
756,811,9,7
756,854,9,7
756,812,6,7
757,841,5,4
757,855,6,5
757,832,2,7
757,844,9,7
757,828,4,2
757,824,2,7
757,852,4,7
757,810,2,6
757,832,5,6
758,827,8,9
758,839,2,9
758,826,3,7
758,836,3,7
758,819,9,7
758,841,4,9
758,843,2,5
758,846,8,6
758,823,6,10
759,820,7,4
759,811,7,4
759,809,4,9
759,840,7,9
759,858,3,8
759,859,5,6
759,851,10,3
759,829,7,10
800,826,6,9
800,843,2,8
800,841,5,2
801,824,10,9
801,835,9,7
801,849,8,3
801,820,4,5
801,815,7,2
801,821,5,2
801,834,3,2
801,851,8,6
801,832,7,3
801,845,8,4
802,848,5,2
802,900,6,9
802,820,7,4
802,820,4,3
803,901,9,4
803,857,10,9
803,856,10,4
803,830,4,8
803,836,6,2
803,839,6,10
803,848,6,4
803,853,2,9
803,826,4,3
804,815,8,9
804,826,2,10
804,845,9,7
804,814,5,3
804,846,10,9
804,826,5,9
805,817,9,2
805,827,9,8
805,850,7,3
805,838,4,2
806,839,2,8
806,818,2,8
806,838,3,5
806,819,3,9
806,852,9,2
807,846,6,8
807,827,9,2
807,839,9,8
807,851,9,4
807,823,5,8
807,906,9,10
808,908,5,3
808,838,3,9
808,904,5,6
808,849,5,7
808,905,5,8
808,858,9,3
808,822,2,6
809,823,5,7
809,848,6,3
809,852,8,7
809,821,7,2
810,851,6,7
810,903,6,5
810,836,5,10
810,851,3,6
810,832,8,10
810,834,4,2
810,853,2,9
810,840,5,9
810,910,3,8
810,858,10,2
811,903,9,10
811,910,10,4
811,908,6,10
811,841,4,8
811,854,4,9
811,841,10,7
812,846,10,5
812,828,8,10
812,833,2,5
812,833,5,4
812,906,7,8
812,900,8,9
812,900,10,2
812,845,10,4
813,911,7,10
813,850,5,6
813,837,7,8
813,856,10,8
814,824,7,5
814,836,2,6
814,842,8,7
815,906,4,2
815,847,6,5
815,825,6,3
815,843,3,2
815,858,6,2
816,828,7,10
816,906,8,3
816,832,8,4
816,858,7,2
816,833,2,7
816,906,10,5
816,912,10,5
816,844,7,3
816,846,8,7
817,843,3,10
817,843,7,8
817,846,9,7
817,843,9,5
817,834,6,7
817,846,8,9
817,844,7,2
818,917,10,2
818,828,5,3
818,854,10,5
819,836,9,8
819,840,2,8
820,832,6,9
820,910,5,3
820,856,5,10
820,847,3,7
820,907,8,5
820,902,9,8
820,858,3,8
820,902,7,8
821,853,6,10
821,904,9,7
821,852,4,3
821,902,7,10
822,849,6,9
822,900,4,5
822,844,10,8
822,922,7,8
822,840,2,9
823,835,2,6
823,905,6,5
823,919,10,9
823,844,7,9
823,907,5,6
823,901,4,9
823,835,5,2
823,919,10,6
823,903,6,4
823,920,10,8
823,902,7,8
823,922,3,7
823,840,8,9
823,919,8,4
823,855,6,4
824,922,5,8
824,852,10,5
824,849,4,2
824,904,3,10
824,918,8,6
825,911,6,8
825,904,9,3
825,921,10,6
825,839,6,8
825,922,5,4
825,922,8,2
825,851,9,5
825,923,5,3
825,904,9,10
826,852,4,5
826,914,9,2
826,840,8,5
826,916,2,3
826,842,5,2
827,907,4,5
827,926,10,7
827,855,4,8
827,841,6,5
827,846,3,7
827,842,4,5
828,846,10,6
828,908,8,3
828,851,9,4
828,843,7,4
828,926,3,9
829,843,4,8
829,924,7,5
829,926,4,9
829,924,7,10
829,929,6,7
829,921,4,10
830,925,8,3
830,918,3,8
830,901,3,6
831,908,4,2
831,849,7,3
831,903,6,9
831,911,3,9
831,905,9,3
831,907,5,4
831,917,9,5
831,916,5,9
831,920,9,3
832,918,6,3
832,910,10,9
832,859,2,7
832,931,4,7
832,910,2,10
832,843,7,10
833,918,10,8
833,853,7,10
833,854,2,10
833,916,5,2
833,854,4,7
833,921,3,4
833,925,6,7
833,843,7,6
833,900,7,5
833,917,8,9
834,852,5,7
834,844,9,5
834,857,10,2
834,913,4,9
834,909,10,8
834,921,6,5
835,929,7,8
835,909,5,2
835,928,9,3
835,845,7,9
835,916,4,9
835,914,9,5
835,919,2,6
836,926,4,8
836,909,4,10
836,929,9,3
836,858,7,5
836,931,5,2
836,852,10,7
836,903,7,8
837,857,4,9
837,911,4,8
837,926,6,7
837,848,3,9
837,928,7,4
837,908,8,5
837,915,7,4
837,923,5,3
837,911,7,9
837,931,3,4
838,900,6,5
838,930,9,5
838,920,5,10
839,906,6,5
839,855,4,9
839,938,3,9
839,857,6,7
839,937,3,2
839,929,9,10
839,849,10,7
839,911,10,2
839,919,4,5
839,931,10,6
840,905,4,10
840,853,3,7
840,924,5,4
840,922,2,8
840,936,6,9
840,924,8,5
840,908,6,2
840,902,8,4
840,928,9,7
841,907,3,5
841,937,8,9
841,922,3,7
841,908,3,2
841,908,10,6
841,930,4,7
841,857,2,7
842,909,3,7
842,918,9,7
842,859,6,5
842,929,10,5
842,855,2,9
843,943,3,8
843,913,7,5
843,918,10,6
843,935,2,7
843,931,7,8
844,940,3,10
844,905,5,6
844,922,7,8
844,938,6,10
844,936,5,9
844,914,9,2
844,927,10,5
845,907,4,6
845,944,3,6
845,920,7,2
845,922,5,4
845,935,3,9
846,907,8,2
846,932,5,6
846,933,2,4
846,905,10,4
846,920,9,5
846,944,5,3
846,933,4,7
847,928,7,10
847,909,5,2
847,900,6,7
847,942,9,8
847,922,10,3
847,924,6,5
848,929,4,8
848,926,5,2
848,944,5,8
848,941,6,7
849,915,10,8
849,949,6,9
849,948,9,8
850,944,6,2
850,926,9,8
850,916,4,10
850,925,3,9
850,950,4,10
850,939,4,10
850,909,9,2
850,919,10,5
851,939,3,4
851,914,5,4
851,930,8,9
851,933,8,10
851,907,9,5
851,913,9,3
851,943,2,9
851,918,10,4
852,938,8,9
852,902,7,5
852,946,7,10
852,920,4,6
852,952,5,10
852,906,2,6
852,933,2,3
852,902,10,2
853,946,8,4
853,925,9,4
853,935,9,7
853,910,5,3
853,921,6,3
853,916,9,5
853,926,6,5
854,915,3,8
854,905,2,7
854,939,5,4
854,905,3,4
854,915,7,4
854,924,8,4
854,909,5,7
854,953,2,7
854,915,3,2
855,944,9,7
855,953,7,5
855,955,6,5
855,953,10,2
855,911,10,4
855,925,8,4
855,943,7,8
855,929,5,10
855,954,6,10
856,923,8,4
856,946,2,6
856,925,6,3
856,917,10,4
856,918,9,4
856,930,10,3
857,919,5,2
857,954,10,3
857,919,6,8
857,921,6,3
858,957,6,7
858,922,6,4
858,954,8,3
858,908,3,5
858,945,8,7
858,936,6,4
859,935,10,3
859,944,9,4
859,949,7,9
859,939,8,2
859,958,5,6
900,925,7,2
900,945,2,8
900,920,2,9
900,951,2,9
900,948,5,6
900,922,6,4
901,1000,9,7
901,957,2,8
901,939,9,7
901,940,7,2
901,1000,2,3
901,913,6,10
901,945,5,2
901,1001,4,7
902,949,6,2
902,922,6,10
902,929,4,7
902,922,8,10
902,933,8,4
903,1000,7,8
903,936,10,9
903,931,3,4
903,944,5,2
903,933,7,10
903,952,8,9
903,941,9,2
903,917,8,6
904,931,6,7
904,927,7,9
904,957,10,2
904,915,10,4
904,940,4,2
904,915,6,5
904,932,2,7
904,943,2,4
905,952,8,9
905,933,3,9
905,953,4,2
905,944,4,5
905,958,6,2
905,921,2,10
905,936,5,9
906,919,6,8
906,947,5,7
906,941,8,5
906,948,3,9
906,1005,8,7
907,919,9,6
907,1004,9,2
907,945,7,9
907,941,8,3
907,929,3,5
908,952,2,10
908,938,4,2
908,942,9,4
908,1005,10,3
908,1000,8,10
908,938,9,5
909,927,9,7
909,920,6,5
909,1009,7,9
909,934,5,8
909,951,2,3
909,1004,3,4
910,932,10,9
910,925,3,2
911,944,7,5
911,933,3,8
911,942,9,4
911,941,5,4
911,936,2,7
911,946,5,7
912,1010,10,5
912,950,5,8
912,952,3,7
912,924,5,6
912,1002,8,9
912,944,10,2
912,937,9,2
913,927,2,5
913,932,2,5
913,950,4,8
914,930,3,8
914,957,9,10
914,937,9,10
914,959,2,5
914,1013,9,6
914,955,9,8
914,1007,7,10
914,930,4,5
915,1003,10,4
915,926,9,7
915,938,3,10
916,952,8,4
916,940,4,3
916,941,6,10
916,1000,8,7
916,947,10,8
916,1012,2,3
917,1006,10,2
917,958,6,3
917,938,4,5
918,935,4,2
918,949,7,9
918,1002,5,8
918,1001,6,7
919,1001,3,8
919,931,10,5
919,950,3,2
919,1005,6,5
919,929,6,7
919,939,4,5
920,1010,8,3
920,931,4,6
920,939,5,2
920,946,9,6
920,958,7,10
921,937,2,10
922,943,4,3
922,957,7,3
922,1004,9,8
922,1017,9,6
923,957,9,3
923,1011,5,6
923,1002,3,10
923,1020,7,5
923,938,8,7
923,946,8,3
923,1003,9,5
923,1021,2,5
923,1006,7,5
924,941,4,3
924,1020,7,2
924,945,8,6
924,1000,8,6
924,1005,9,8
924,1018,3,10
924,945,6,9
925,943,10,7
925,1025,6,2
925,1013,8,3
925,958,9,4
926,1016,4,6
926,1018,10,6
926,1007,3,10
926,946,6,4
926,936,4,9
926,1016,2,5
926,940,3,5
927,1016,9,5
927,958,4,2
927,945,9,4
927,954,2,6
927,946,6,4
928,955,10,4
928,1012,10,6
929,947,3,4
929,950,3,2
929,941,2,3
929,1008,4,8
929,949,3,4
929,1022,6,3
930,952,8,10
930,1023,7,6
930,1015,2,7
930,1005,4,2
930,950,5,7
930,1024,3,6
930,1018,7,4
931,1007,8,2
931,955,5,7
931,1015,7,10
931,950,6,10
931,949,5,6
931,952,2,4
931,1028,3,5
931,1030,3,7
931,1017,9,5
932,1001,9,10
932,956,5,9
932,957,8,10
933,1024,9,3
933,1027,8,7
933,1022,3,4
933,1025,6,7
933,957,9,2
934,1031,10,5
934,1014,4,5
934,957,5,2
934,954,2,5
934,1019,10,7
934,956,4,6
935,1028,5,3
935,1032,7,5
935,1004,9,5
935,1022,8,3
935,1019,3,2
935,1028,8,7
935,1008,10,5
935,1000,9,4
936,1020,5,6
936,1028,4,9
936,1019,2,8
936,1023,6,4
936,955,7,10
936,1025,8,5
936,950,4,8
938,1020,6,4
938,1018,3,4
938,954,7,4
938,951,5,2
938,1017,7,5
938,1027,10,5
938,1007,10,6
938,1007,3,7
938,1002,3,8
939,1023,4,9
939,1028,6,9
939,1001,10,6
939,1021,8,7
939,1009,2,6
939,1007,6,2
939,1006,9,8
939,1018,6,10
939,955,6,3
940,1010,4,3
940,958,10,5
940,1014,2,4
940,1025,5,2
940,1038,8,6
940,1032,9,6
941,1038,9,6
941,1036,2,10
941,1019,2,10
941,1013,5,2
941,1014,3,5
941,956,4,9
941,1027,4,2
941,959,8,7
942,1029,9,8
942,1000,2,4
942,1041,7,2
943,1007,10,2
943,1020,3,5
943,1022,6,10
943,1032,3,9
943,1002,3,4
943,1022,6,2
943,1006,3,6
944,1002,10,9
944,1034,5,6
944,1020,4,10
944,1040,6,5
944,1031,7,9
944,954,5,9
944,1006,9,5
944,1040,6,4
944,1026,4,5
944,1023,4,9
945,1023,6,2
945,1006,10,3
945,1041,6,9
945,1023,6,7
945,957,2,6
946,1035,2,10
946,1017,4,3
946,1010,2,7
946,1000,6,9
946,1011,9,4
947,1019,5,6
947,1045,4,2
947,1024,6,8
947,1047,6,5
947,1005,4,5
947,1009,10,3
948,1031,2,8
948,1047,9,10
948,1041,4,6
948,1035,7,10
948,1003,8,3
948,1030,3,10
949,1015,6,8
949,1045,4,5
949,1046,10,8
949,1008,6,7
949,1044,5,6
949,1002,2,4
949,1017,6,8
950,1004,7,2
950,1012,4,2
950,1011,3,7
950,1012,4,8
950,1033,3,7
950,1016,8,2
951,1045,7,6
951,1012,8,2
951,1036,8,6
951,1031,8,7
951,1017,4,6
951,1041,9,4
951,1003,8,2
952,1030,6,9
953,1029,7,9
953,1023,7,5
954,1011,4,8
954,1020,9,6
954,1021,7,6
955,1018,9,6
955,1010,8,10
955,1045,5,2
956,1030,10,3
956,1012,4,10
956,1025,10,5
956,1021,2,3
956,1032,2,5
956,1031,10,9
957,1040,8,7
957,1011,6,7
957,1013,3,9
957,1026,9,7
957,1049,6,4
957,1025,9,8
957,1049,9,6
957,1015,5,2
957,1012,4,7
958,1035,9,6
958,1015,2,4
958,1044,10,8
959,1058,8,2
959,1043,5,6
959,1043,5,2
959,1011,5,10
959,1040,7,2
959,1025,3,7
959,1042,10,9
959,1047,9,8
959,1057,10,3
1000,1010,2,3
1000,1040,7,2
1000,1033,2,5
1000,1054,9,3
1000,1034,10,4
1000,1043,9,5
1000,1034,10,7
1000,1042,10,7
1001,1017,4,6
1001,1039,6,7
1001,1051,8,7
1001,1043,6,2
1001,1023,3,10
1001,1042,3,2
1001,1012,5,3
1001,1037,4,6
1002,1036,7,6
1002,1059,8,5
1002,1048,2,6
1002,1020,3,7
1003,1035,7,4
1003,1045,6,2
1003,1059,9,7
1003,1043,10,4
1004,1030,8,4
1004,1055,2,4
1004,1021,4,5
1004,1035,2,7
1004,1026,3,2
1004,1018,10,3
1004,1040,2,10
1004,1027,5,7
1005,1050,7,6
1005,1033,4,10
1005,1056,5,6
1005,1046,5,8
1005,1018,10,2
1006,1052,3,9
1006,1052,8,4
1006,1029,3,2
1006,1028,10,6
1006,1037,6,2
1006,1025,6,8
1006,1031,5,4
1006,1030,5,6
1007,1103,8,9
1007,1033,4,8
1007,1106,6,8
1007,1059,9,8
1007,1051,10,3
1007,1052,10,4
1008,1108,9,8
1008,1022,6,8
1008,1057,4,6
1008,1102,4,2
1008,1026,2,4
1008,1048,2,7
1008,1031,5,2
1008,1108,9,5
1008,1055,9,5
1008,1044,4,7
1008,1025,10,4
1009,1107,9,8
1009,1021,4,10
1009,1022,10,6
1009,1049,5,9
1009,1058,4,7
1010,1034,4,3
1010,1053,8,4
1010,1025,8,3
1010,1022,3,5
1010,1107,10,2
1010,1049,3,2
1010,1104,8,7
1011,1026,6,9
1011,1054,10,8
1011,1106,9,3
1011,1056,4,6
1011,1034,5,7
1011,1050,4,3
1011,1045,7,3
1012,1108,9,5
1012,1110,10,4
1012,1035,7,5
1013,1032,3,2
1013,1043,8,5
1013,1026,6,4
1013,1053,3,2
1013,1038,6,4
1014,1036,5,10
1014,1031,10,8
1014,1024,6,8
1014,1047,9,3
1014,1113,3,6
1014,1045,6,10
1014,1102,4,2
1015,1032,2,4
1015,1105,10,2
1015,1027,9,2
1015,1058,4,8
1015,1037,4,7
1015,1042,3,6
1015,1114,10,6
1015,1042,8,2
1016,1031,7,4
1016,1050,2,3
1016,1041,3,9
1016,1031,10,6
1017,1051,5,10
1017,1107,6,10
1017,1039,6,8
1017,1038,10,8
1018,1058,4,5
1018,1112,6,10
1018,1108,4,3
1018,1114,7,9
1018,1059,3,4
1018,1102,3,5
1018,1028,8,9
1018,1101,3,10
1019,1048,7,8
1019,1031,3,6
1019,1104,8,6
1019,1106,8,6
1020,1120,3,6
1020,1107,2,9
1020,1107,3,10
1020,1105,3,4
1020,1045,4,2
1020,1114,3,6
1021,1044,7,3
1021,1041,2,6
1021,1042,5,8
1021,1120,7,10
1021,1056,2,3
1021,1112,9,2
1022,1115,5,8
1022,1033,10,3
1023,1103,6,7
1023,1045,2,10
1023,1038,3,10
1023,1115,9,6
1023,1034,2,10
1023,1043,7,2
1024,1110,10,7
1025,1115,10,7
1025,1101,9,3
1025,1051,7,10
1026,1047,7,6
1026,1043,7,2
1026,1121,10,3
1026,1101,5,7
1027,1057,8,7
1027,1111,7,10
1027,1037,6,7
1027,1115,9,4
1027,1056,6,4
1027,1051,2,5
1028,1047,10,8
1028,1126,3,4
1029,1044,8,5
1029,1110,8,7
1029,1043,7,8
1030,1109,2,3
1030,1050,7,9
1030,1117,9,8
1030,1121,9,8
1030,1045,9,7
1030,1046,7,3
1031,1044,4,8
1031,1126,3,2
1031,1127,9,3
1031,1041,10,5
1032,1051,3,2
1032,1131,8,3
1032,1117,7,10
1032,1127,10,7
1033,1131,4,6
1033,1044,9,2
1034,1124,10,8
1034,1116,5,8
1034,1115,5,7
1034,1128,5,10
1034,1130,7,10
1034,1059,4,3
1035,1131,8,3
1035,1111,10,7
1035,1058,8,4
1035,1050,2,9
1035,1100,3,8
1035,1135,2,3
1036,1057,2,7
1036,1125,4,8
1036,1103,3,6
1036,1053,10,3
1036,1136,2,5
1036,1052,3,7
1036,1129,10,2
1036,1127,3,7
1036,1047,9,3
1036,1056,9,5
1036,1047,9,6
1037,1051,7,3
1037,1115,7,10
1038,1109,7,10
1038,1120,10,9
1038,1121,3,6
1038,1123,9,4
1038,1138,9,3
1038,1053,10,8
1038,1135,3,8
1039,1102,10,3
1039,1056,7,8
1039,1053,10,9
1039,1125,5,2
1039,1104,7,5
1039,1112,3,2
1039,1136,4,8
1039,1125,5,9
1040,1103,4,9
1040,1120,5,3
1040,1119,5,3
1040,1125,7,3
1040,1123,8,10
1041,1051,2,9
1041,1130,10,7
1041,1131,2,3
1041,1117,3,9
1041,1109,8,6
1041,1113,9,5
1042,1104,3,9
1042,1118,6,9
1042,1125,9,2
1042,1059,4,9
1042,1106,8,3
1042,1121,10,3
1042,1113,4,9
1043,1134,3,5
1043,1127,7,9
1043,1056,5,3
1043,1056,3,7
1043,1121,2,7
1043,1112,10,3
1043,1100,2,5
1044,1103,5,7
1044,1059,6,3
1044,1144,4,7
1044,1130,10,9
1044,1121,4,6
1044,1131,8,6
1044,1132,3,5
1044,1059,5,3
1044,1100,10,6
1045,1124,5,3
1045,1059,6,7
1045,1124,2,10
1045,1058,8,6
1045,1122,10,8
1045,1111,8,5
1045,1115,6,5
1046,1058,7,5
1046,1124,4,2
1046,1124,4,5
1046,1129,4,8
1046,1140,5,7
1046,1107,6,3
1046,1107,8,2
1047,1128,5,2
1048,1146,9,8
1048,1115,4,9
1048,1120,3,7
1049,1145,6,9
1049,1148,7,4
1049,1143,3,9
1049,1143,5,10
1049,1115,4,3
1049,1107,5,3
1049,1138,3,5
1049,1142,8,9
1049,1148,7,5
1049,1115,5,10
1050,1132,7,3
1050,1105,6,5
1050,1111,4,10
1050,1113,5,6
1050,1124,10,9
1050,1117,6,8
1050,1129,3,8
1051,1111,9,10
1051,1106,4,6
1051,1102,8,2
1051,1140,3,5
1051,1147,10,7
1051,1114,8,6
1051,1103,4,8
1051,1109,8,2
1051,1145,10,5
1051,1120,8,9
1051,1122,2,8
1051,1104,5,9
1052,1129,2,10
1052,1113,4,5
1052,1138,9,5
1052,1132,6,3
1052,1122,8,7
1052,1138,4,2
1053,1152,5,7
1053,1107,3,10
1053,1129,4,8
1053,1143,10,8
1053,1133,10,2
1053,1126,3,7
1054,1132,9,3
1054,1142,6,7
1054,1111,10,8
1054,1151,9,8
1054,1150,5,9
1054,1108,10,5
1054,1121,9,5
1054,1139,4,10
1054,1133,10,9
1055,1115,9,10
1055,1145,4,3
1055,1105,10,7
1055,1106,5,7
1056,1126,3,2
1056,1154,4,9
1056,1124,10,3
1056,1145,10,4
1056,1154,9,4
1057,1131,8,5
1057,1123,5,9
1057,1136,8,3
1057,1135,5,7
1057,1130,8,2
1057,1121,2,9
1057,1117,7,8
1058,1135,2,7
1058,1155,9,5
1058,1136,8,6
1058,1132,9,5
1058,1135,3,5
1058,1149,4,6
1059,1149,8,3
1059,1154,3,7
1100,1137,4,9
1100,1122,2,5
1100,1136,10,4
1100,1152,9,10
1100,1148,5,4
1100,1150,3,7
1101,1145,9,5
1101,1114,7,10
1101,1201,4,7
1101,1118,10,8
1101,1123,8,4
1101,1200,4,8
1102,1202,3,10
1102,1138,3,4
1102,1153,2,5
1102,1128,8,2
1102,1122,2,10
1102,1150,4,10
1102,1122,3,6
1102,1118,5,3
1102,1158,2,5
1102,1135,2,7
1103,1154,5,7
1103,1128,2,9
1103,1114,2,8
1104,1116,9,6
1104,1150,8,5
1105,1129,6,5
1105,1146,8,6
1105,1151,2,9
1105,1137,3,2
1105,1131,5,4
1106,1126,5,8
1106,1136,2,4
1106,1158,4,2
1106,1146,6,5
1106,1139,8,4
1106,1121,5,4
1107,1141,4,10
1107,1149,10,7
1107,1157,9,3
1107,1122,8,3
1107,1158,2,5
1108,1147,2,9
1108,1131,4,6
1108,1125,2,5
1108,1148,10,5
1108,1123,2,10
1108,1207,9,3
1108,1204,9,5
1108,1203,7,10
1108,1137,3,6
1109,1156,2,6
1109,1128,10,5
1109,1119,6,5
1109,1130,3,7
1109,1144,7,4
1110,1120,2,10
1110,1159,3,10
1110,1159,7,8
1110,1134,6,10
1110,1151,6,3
1110,1147,6,3
1110,1159,10,5
1110,1155,6,5
1110,1138,10,8
1111,1131,4,7
1111,1157,8,9
1111,1125,6,7
1111,1139,7,9
1112,1155,2,7
1112,1145,6,9
1112,1203,10,2
1113,1139,5,3
1113,1207,5,7
1113,1154,6,2
1113,1203,3,10
1114,1210,6,4
1114,1132,5,4
1114,1145,9,4
1114,1156,3,9
1114,1200,7,6
1114,1201,10,4
1114,1140,2,4
1115,1148,2,7
1115,1141,7,10
1115,1153,7,6
1115,1154,6,3
1115,1150,3,8
1115,1126,8,5
1115,1152,8,2
1116,1137,9,2
1116,1140,5,6
1116,1210,10,4
1116,1204,7,6
1116,1126,7,6
1116,1138,2,10
1116,1139,5,4
1116,1201,5,10
1117,1208,8,4
1117,1130,8,6
1117,1202,9,5
1117,1159,4,2
1118,1134,2,6
1118,1203,2,10
1118,1130,3,7
1118,1207,7,10
1118,1132,3,2
1118,1215,7,4
1118,1158,9,6
1118,1201,3,9
1118,1150,4,8
1119,1207,7,9
1119,1150,5,10
1119,1206,8,10
1119,1203,8,6
1120,1156,2,5
1120,1137,5,6
1120,1157,4,7
1120,1142,8,5
1120,1211,5,7
1120,1209,9,4
1120,1152,5,4
1120,1210,9,6
1121,1142,8,7
1121,1151,6,8
1121,1209,6,3
1121,1137,5,7
1122,1133,5,4
1122,1207,7,8
1122,1215,3,4
1122,1218,8,10
1122,1201,3,4
1123,1149,5,7
1123,1221,3,2
1123,1218,4,3
1123,1217,2,5
1123,1204,10,3
1123,1142,6,5
1124,1157,3,2
1124,1158,8,7
1124,1141,8,6
1124,1138,5,2
1125,1222,9,8
1125,1203,6,5
1125,1206,9,7
1125,1213,8,5
1125,1208,4,8
1125,1138,3,8
1125,1142,4,5
1126,1142,7,4
1126,1220,8,4
1126,1153,4,6
1126,1207,8,9
1126,1220,2,7
1126,1144,10,8
1126,1226,3,5
1126,1208,9,4
1127,1223,3,8
1127,1206,4,7
1127,1140,4,2
1127,1213,2,8
1127,1226,10,9
1127,1211,7,3
1127,1159,2,6
1128,1144,3,7
1128,1156,2,3
1128,1216,5,9
1128,1139,4,2
1128,1200,2,6
1128,1150,5,6
1128,1144,9,8
1128,1146,9,5
1128,1225,5,3
1129,1154,8,7
1129,1227,10,5
1129,1229,5,2
1129,1228,9,5
1129,1214,9,8
1130,1158,7,10
1130,1200,6,7
1130,1215,5,10
1130,1219,7,4
1130,1207,4,6
1130,1150,3,5
1131,1148,8,10
1131,1227,9,6
1131,1224,3,8
1131,1157,8,3
1131,1155,9,2
1131,1202,9,2
1132,1225,10,9
1132,1230,8,10
1132,1201,2,3
1132,1221,5,4
1132,1231,8,4
1132,1208,8,10
1132,1231,10,8
1133,1207,6,8
1133,1213,9,10
1133,1218,3,6
1134,1231,8,4
1134,1209,3,6
1134,1154,10,7
1135,1158,9,7
1135,1224,7,4
1135,1150,8,3
1135,1216,2,3
1135,1221,10,6
1135,1212,7,4
1135,1207,9,10
1136,1147,6,3
1136,1222,9,2
1136,1201,7,5
1136,1231,9,10
1136,1212,6,7
1137,1213,9,6
1137,1227,3,7
1138,1158,9,6
1138,1235,4,10
1139,1150,3,6
1139,1212,6,5
1139,1214,8,6
1140,1235,8,3
1140,1159,3,10
1140,1225,2,4
1141,1211,3,4
1141,1156,4,7
1141,1213,10,5
1141,1240,6,4
1142,1231,9,2
1142,1207,10,3
1142,1216,4,10
1142,1153,4,6
1142,1204,7,6
1143,1211,9,10
1143,1222,8,2
1143,1157,8,3
1143,1203,8,5
1143,1235,9,2
1143,1216,10,8
1143,1214,8,3
1144,1155,9,7
1144,1213,7,4
1144,1217,7,5
1144,1235,3,4
1145,1243,8,6
1145,1238,4,7
1145,1231,8,2
1145,1216,4,6
1145,1234,6,8
1145,1242,6,10
1146,1237,4,9
1146,1240,3,9
1146,1211,7,4
1147,1208,9,7
1147,1212,10,5
1147,1238,2,9
1147,1232,5,4
1147,1211,8,10
1147,1230,10,3
1148,1236,4,7
1148,1236,8,7
1148,1205,10,6
1148,1208,3,5
1148,1248,7,2
1148,1246,4,2
1148,1225,4,8
1148,1209,10,9
1148,1241,9,5
1148,1222,8,3
1148,1232,4,6
1148,1220,2,8
1148,1245,9,5
1148,1223,4,6
1149,1222,2,5
1149,1221,6,10
1149,1224,4,3
1149,1224,2,4
1149,1210,5,4
1149,1211,9,7
1149,1245,8,2
1149,1228,3,9
1149,1230,10,9
1149,1215,4,7
1149,1245,7,4
1150,1226,6,9
1150,1215,5,10
1150,1238,9,5
1150,1244,10,6
1150,1234,10,3
1150,1220,2,9
1151,1235,2,9
1151,1206,4,9
1151,1248,8,5
1151,1223,9,10
1151,1222,7,9
1151,1202,4,8
1152,1246,3,10
1152,1212,6,3
1152,1203,8,3
1152,1211,7,9
1152,1230,5,10
1152,1248,2,8
1153,1224,10,8
1153,1230,3,6
1153,1204,9,3
1153,1231,9,10
1153,1250,10,8
1153,1243,2,5
1153,1243,9,4
1153,1207,2,6
1153,1228,3,9
1154,1213,6,5
1154,1246,8,4
1154,1208,8,3
1154,1250,6,10
1155,1222,5,9
1155,1235,10,5
1155,1248,7,6
1155,1249,6,8
1155,1223,4,3
1155,1236,2,5
1155,1224,9,8
1155,1246,9,10
1155,1244,7,6
1156,1225,7,9
1156,1236,3,9
1156,1211,9,3
1156,1232,2,10
1156,1251,10,6
1156,1210,7,5
1157,1211,5,7
1157,1221,5,7
1157,1233,9,10
1157,1250,4,10
1157,1251,3,7
1158,1227,5,2
1158,1222,3,2
1158,1224,3,2
1158,1245,3,8
1158,1227,6,4
1158,1254,4,8
1158,1246,5,6
1158,1248,10,5
1159,1209,4,8
1159,1243,8,3
1159,1252,5,10
1159,1228,9,10
1159,1254,8,5
1200,1254,9,6
1200,1239,4,6
1200,1244,8,10
1200,1226,3,10
1200,1232,10,4
1200,1222,7,8
1201,1228,10,8
1201,1235,7,8
1201,1246,5,3
1201,1217,3,7
1201,1236,6,5
1201,1222,8,5
1201,1223,5,9
1201,1231,8,3
1202,1239,8,9
1202,1301,10,8
1202,1225,4,6
1202,1225,6,4
1202,1239,9,8
1202,1253,4,9
1202,1237,4,8
1203,1226,6,3
1203,1237,8,5
1203,1239,9,4
1203,1213,3,8
1203,1257,8,2
1203,1228,8,3
1203,1221,9,6
1203,1232,10,7
1203,1236,6,3
1204,1244,8,9
1204,1235,3,2
1204,1214,9,7
1205,1304,2,7
1205,1223,5,3
1205,1241,7,2
1205,1300,10,9
1205,1258,4,10
1205,1246,2,5
1205,1241,2,9
1205,1301,2,10
1205,1246,9,2
1206,1244,6,3
1206,1302,4,6
1206,1231,3,5
1206,1235,4,9
1206,1303,9,7
1206,1301,4,5
1207,1239,6,2
1207,1240,8,4
1207,1219,5,9
1207,1222,9,4
1207,1247,10,5
1207,1300,7,5
1207,1258,9,10
1208,1301,7,8
1208,1226,7,9
1208,1246,9,8
1208,1244,4,6
1208,1243,8,4
1208,1248,6,10
1208,1242,2,9
1209,1230,6,2
1209,1223,10,2
1209,1304,5,6
1209,1242,10,6
1209,1301,8,2
1209,1308,4,6
1209,1308,9,5
1209,1256,8,2
1209,1248,2,5
1210,1300,9,4
1210,1259,9,2
1210,1221,7,6
1210,1244,2,4
1210,1226,4,8
1210,1259,6,4
1210,1306,3,4
1210,1301,9,5
1210,1241,10,2
1210,1308,4,7
1210,1308,2,3
1210,1226,6,10
1210,1306,10,6
1211,1221,3,7
1212,1256,4,8
1212,1243,6,3
1212,1240,8,4
1212,1232,8,5
1212,1235,8,6
1213,1230,5,10
1213,1252,2,7
1213,1230,4,8
1214,1226,8,2
1214,1312,4,5
1214,1250,6,4
1214,1252,3,8
1214,1233,3,5
1214,1253,7,8
1214,1243,4,8
1215,1250,7,6
1215,1239,3,2
1215,1236,10,3
1215,1247,2,7
1215,1251,7,4
1216,1309,9,6
1216,1245,4,8
1216,1305,8,6
1216,1229,10,3
1216,1305,7,4
1217,1239,6,5
1217,1256,10,8
1217,1251,3,8
1217,1227,10,4
1217,1231,3,10
1217,1313,5,4
1217,1303,3,6
1217,1245,5,3
1218,1247,7,3
1218,1239,6,5
1218,1311,10,8
1218,1251,4,10
1218,1232,4,6
1218,1304,9,3
1218,1245,8,6
1219,1311,10,8
1219,1253,7,4
1219,1252,2,6
1219,1230,8,10
1219,1238,6,7
1219,1236,6,5
1220,1238,6,3
1220,1259,2,7
1220,1319,3,5
1220,1233,3,9
1220,1233,10,2
1221,1249,8,7
1221,1302,9,4
1221,1252,4,3
1221,1231,6,7
1221,1320,9,8
1221,1316,8,7
1221,1319,10,3
1222,1248,2,7
1222,1244,8,10
1222,1239,7,5
1222,1237,8,10
1222,1311,3,2
1222,1314,7,10
1222,1307,6,9
1222,1233,7,9
1223,1257,9,8
1223,1304,10,9
1223,1241,4,6
1223,1304,6,5
1223,1323,5,10
1223,1243,3,4
1223,1235,10,4
1224,1239,10,4
1224,1301,4,8
1224,1302,3,8
1224,1323,10,6
1224,1314,10,4
1224,1316,4,3
1224,1248,3,9
1225,1255,4,9
1225,1257,9,6
1225,1316,8,7
1225,1312,10,2
1225,1303,9,2
1225,1302,4,2
1225,1310,8,2
1226,1319,2,3
1226,1238,8,6
1226,1312,9,5
1226,1312,4,7
1226,1321,8,10
1226,1322,2,8
1226,1316,3,6
1227,1242,10,6
1227,1301,4,3
1227,1315,3,8
1228,1255,10,5
1228,1314,5,9
1228,1315,3,7
1228,1321,8,9
1228,1239,5,3
1228,1258,9,4
1228,1325,7,5
1228,1308,2,10
1229,1307,9,6
1229,1259,9,10
1229,1308,10,7
1229,1241,4,7
1229,1245,8,7
1229,1308,6,9
1229,1315,2,6
1229,1248,6,10
1229,1251,9,8
1229,1309,5,7
1229,1328,3,9
1230,1318,10,6
1230,1304,8,7
1230,1319,6,9
1230,1247,5,9
1230,1328,3,5
1230,1240,2,8
1230,1310,8,9
1231,1331,7,9
1231,1321,5,7
1231,1319,7,4
1231,1242,4,9
1231,1313,5,10
1231,1242,9,8
1231,1304,4,2
1231,1323,10,5
1232,1326,4,5
1232,1323,9,2
1232,1242,2,10
1232,1245,3,8
1232,1331,6,5
1232,1319,8,5
1232,1321,10,3
1233,1312,10,2
1233,1309,5,6
1233,1312,8,3
1233,1325,4,3
1233,1314,6,3
1233,1313,8,6
1233,1248,8,10
1233,1259,5,2
1233,1317,4,8
1234,1328,9,8
1234,1256,5,10
1234,1328,7,10
1235,1327,4,9
1235,1301,10,6
1235,1254,9,3
1235,1320,7,2
1235,1322,9,4
1236,1322,8,7
1236,1328,7,10
1236,1309,4,9
1236,1300,8,7
1236,1252,5,6
1237,1315,8,7
1237,1329,6,7
1237,1336,8,6
1237,1314,7,4
1237,1316,3,7
1237,1249,6,8
1237,1257,5,6
1237,1310,5,6
1238,1328,2,3
1238,1252,10,6
1238,1301,9,5
1238,1318,10,2
1238,1259,9,8
1239,1305,9,6
1239,1319,2,8
1239,1321,3,4
1239,1322,8,9
1239,1303,7,8
1239,1314,3,2
1240,1254,10,8
1240,1254,10,6
1240,1256,9,2
1240,1253,3,6
1240,1314,3,9
1240,1340,4,8
1240,1327,5,7
1240,1328,4,9
1240,1321,3,6
1240,1300,2,9
1241,1305,6,4
1241,1302,9,7
1241,1302,7,9
1241,1321,6,9
1242,1331,6,7
1242,1305,9,5
1242,1339,4,2
1242,1318,7,9
1242,1340,2,4
1242,1336,2,5
1242,1259,6,9
1243,1330,2,3
1243,1332,10,2
1243,1305,9,7
1243,1316,3,7
1243,1259,4,7
1243,1301,4,2
1244,1332,2,5
1244,1316,4,6
1244,1336,2,9
1244,1319,3,4
1244,1321,3,5
1244,1254,10,9
1244,1334,6,8
1244,1327,8,5
1245,1311,2,5
1245,1256,5,9
1245,1316,5,2
1245,1345,5,2
1245,1308,6,8
1245,1306,7,2
1245,1310,4,2
1245,1313,10,2
1246,1343,2,8
1246,1319,10,2
1246,1258,2,6
1246,1327,6,4
1246,1345,8,5
1246,1256,8,2
1247,1331,9,6
1247,1318,6,9
1247,1311,5,9
1247,1342,3,10
1247,1329,5,7
1247,1258,3,4
1247,1329,5,4
1247,1336,3,5
1247,1327,10,3
1248,1340,7,9
1248,1324,3,7
1248,1314,3,8
1248,1337,2,10
1248,1258,6,3
1248,1338,3,7
1248,1327,9,7
1249,1346,9,8
1249,1344,10,9
1250,1325,9,6
1250,1339,10,6
1250,1303,3,7
1250,1312,6,7
1250,1301,4,6
1250,1334,2,10
1251,1328,3,9
1251,1333,7,4
1251,1322,3,7
1251,1337,6,2
1251,1308,4,5
1251,1309,7,5
1251,1311,4,7
1252,1348,7,3
1252,1317,3,9
1252,1350,8,6
1253,1329,2,10
1253,1339,2,6
1253,1334,9,6
1253,1351,2,6
1253,1339,10,2
1254,1330,8,7
1254,1334,4,5
1254,1341,8,6
1255,1329,8,10
1255,1327,7,9
1255,1343,2,6
1255,1349,2,8
1255,1305,5,2
1255,1331,8,9
1255,1332,5,6
1255,1339,3,6
1255,1323,8,10
1256,1329,3,8
1256,1341,6,9
1256,1319,2,8
1256,1351,7,4
1257,1312,5,3
1257,1350,4,2
1257,1354,10,3
1257,1309,10,8
1257,1330,8,3
1257,1326,4,2
1257,1309,5,7
1257,1346,2,10
1257,1349,3,4
1258,1356,2,6
1258,1310,3,8
1258,1347,6,7
1258,1311,3,6
1258,1330,5,8
1259,1345,9,4
1259,1350,7,3
1259,1323,4,10
1259,1328,4,10
1300,1342,9,2
1300,1330,3,5
1300,1339,2,10
1300,1355,9,6
1301,1350,9,5
1301,1359,10,3
1301,1357,7,9
1301,1331,9,5
1302,1353,10,4
1302,1334,10,2
1302,1326,5,3
1302,1329,6,4
1302,1313,9,6
1302,1323,10,8
1302,1333,3,9
1302,1323,2,3
1302,1359,8,7
1303,1316,5,10
1303,1332,6,2
1303,1401,5,10
1303,1339,9,10
1303,1355,5,2
1303,1317,9,3
1303,1327,5,6
1303,1359,4,5
1304,1335,3,9
1304,1344,2,7
1305,1345,9,5
1305,1359,10,9
1305,1347,3,7
1306,1353,6,2
1306,1323,5,2
1306,1400,9,4
1306,1357,6,8
1306,1343,4,2
1306,1327,4,9
1306,1347,2,6
1306,1357,8,4
1307,1328,2,8
1307,1332,4,8
1307,1346,3,4
1307,1358,2,6
1307,1321,10,3
1307,1346,5,7
1308,1327,8,5
1308,1339,4,3
1308,1353,9,10
1308,1402,6,8
1308,1333,6,7
1309,1353,10,5
1309,1348,7,4
1309,1359,9,3
1309,1350,2,4
1309,1338,6,9
1309,1359,7,2
1309,1344,10,6
1309,1328,7,8
1309,1326,2,9
1309,1355,7,2
1310,1351,3,8
1310,1410,7,6
1310,1402,3,10
1310,1343,2,10
1310,1325,7,6
1311,1401,8,3
1311,1343,6,4
1311,1322,2,7
1311,1408,7,2
1311,1337,5,7
1311,1348,6,8
1311,1324,3,6
1312,1406,4,9
1312,1340,2,10
1312,1358,7,10
1312,1344,5,3
1312,1353,8,4
1312,1344,4,8
1312,1344,8,2
1312,1408,10,3
1313,1407,10,9
1313,1407,8,3
1313,1359,7,6
1313,1346,7,5
1313,1358,9,2
1313,1406,9,10
1315,1412,10,7
1315,1350,6,2
1315,1346,6,2
1316,1355,5,8
1316,1327,5,3
1316,1356,2,10
1316,1342,7,5
1316,1415,2,5
1317,1347,6,7
1317,1340,7,3
1317,1408,2,7
1317,1408,2,6
1317,1351,4,7
1317,1402,6,5
1318,1340,4,6
1318,1340,3,9
1318,1358,3,8
1318,1418,3,4
1318,1407,9,2
1319,1342,9,6
1319,1410,3,2
1319,1349,4,5
1319,1343,9,8
1320,1420,7,9
1320,1411,4,6
1320,1419,4,7
1320,1348,6,10
1320,1352,2,6
1320,1409,10,6
1321,1335,7,3
1321,1359,10,8
1321,1412,4,8
1321,1342,6,9
1321,1401,6,5
1321,1354,7,5
1321,1416,4,8
1322,1416,8,7
1322,1345,10,7
1322,1358,6,3
1322,1417,9,4
1322,1341,2,4
1322,1403,6,3
1322,1351,4,2
1322,1343,9,2
1323,1415,5,9
1323,1415,10,7
1323,1339,10,7
1323,1354,2,6
1323,1423,5,2
1323,1419,6,10
1324,1417,4,7
1324,1414,8,3
1324,1408,2,8
1324,1404,6,9
1324,1338,9,10
1324,1415,6,5
1324,1404,6,7
1325,1346,10,6
1325,1353,6,10
1325,1340,7,8
1325,1345,9,2
1325,1424,4,9
1325,1404,2,6
1326,1413,8,10
1326,1416,10,5
1326,1400,6,8
1326,1415,7,9
1326,1422,9,8
1326,1353,4,5
1327,1402,5,4
1327,1351,5,6
1328,1343,2,8
1328,1411,3,4
1328,1407,3,10
1328,1345,2,8
1328,1426,9,8
1328,1346,2,5
1329,1407,10,2
1329,1409,2,6
1329,1405,10,5
1330,1406,9,5
1330,1402,5,4
1330,1423,3,4
1330,1424,9,8
1330,1340,9,2
1330,1357,3,5
1330,1347,6,10
1331,1343,5,7
1331,1345,9,5
1331,1357,7,4
1331,1404,10,7
1331,1352,6,9
1331,1426,4,10
1331,1345,5,10
1331,1418,4,9
1332,1410,5,10
1332,1404,6,8
1332,1423,6,9
1332,1349,5,9
1332,1347,2,5
1332,1359,6,4
1333,1418,3,2
1333,1423,4,10
1333,1430,6,4
1333,1352,2,10
1334,1412,5,7
1334,1423,6,9
1334,1408,3,10
1334,1420,9,3
1334,1416,2,9
1334,1347,4,2
1334,1346,6,5
1334,1353,6,7
1335,1353,9,7
1335,1431,8,7
1335,1351,2,4
1335,1349,10,4
1336,1409,8,9
1336,1348,6,9
1336,1408,3,7
1336,1427,5,10
1336,1353,9,10
1336,1400,8,7
1336,1413,6,7
1337,1425,2,5
1337,1437,4,3
1337,1407,5,8
1337,1427,8,10
1338,1438,4,7
1339,1357,8,4
1339,1438,7,10
1339,1400,3,4
1339,1409,2,8
1339,1439,8,5
1339,1415,9,8
1339,1424,2,7
1339,1414,7,9
1339,1416,4,9
1339,1429,9,6
1340,1406,5,6
1340,1426,5,7
1340,1422,4,8
1340,1413,3,10
1340,1437,7,6
1340,1420,2,7
1340,1427,5,6
1340,1406,2,5
1340,1400,2,10
1340,1430,4,2
1340,1400,4,8
1340,1432,3,7
1340,1414,5,6
1340,1428,5,4
1341,1435,9,6
1341,1417,4,2
1341,1417,5,4
1341,1420,8,7
1341,1401,6,5
1342,1354,2,7
1342,1403,9,3
1342,1356,2,6
1342,1411,5,10
1342,1431,9,10
1342,1440,3,10
1342,1432,10,9
1343,1432,10,5
1343,1407,2,8
1343,1402,6,4
1343,1403,10,5
1344,1426,8,3
1344,1358,2,4
1344,1402,10,8
1344,1433,2,6
1344,1354,10,8
1344,1426,9,7
1344,1434,7,4
1344,1424,2,8
1345,1400,7,6
1345,1426,7,2
1345,1416,10,9
1345,1357,2,7
1345,1400,6,7
1345,1427,8,10
1345,1445,2,9
1345,1436,8,3
1345,1429,7,5
1345,1430,6,10
1346,1422,5,8
1346,1416,5,8
1346,1428,7,2
1346,1415,9,5
1346,1428,10,6
1346,1416,3,5
1346,1433,10,6
1347,1405,9,10
1347,1432,4,8
1347,1357,4,8
1347,1406,10,4
1347,1433,2,10
1347,1435,6,9
1347,1441,8,4
1347,1427,10,4
1347,1445,2,10
1348,1413,5,7
1348,1404,4,6
1348,1405,6,9
1348,1440,10,4
1348,1413,8,2
1348,1403,3,8
1348,1417,4,6
1348,1429,3,4
1348,1439,4,9
1348,1439,5,7
1348,1446,8,2
1348,1441,5,9
1349,1438,3,10
1349,1446,3,10
1349,1426,7,4
1349,1420,3,2
1349,1424,4,9
1349,1444,9,5
1349,1443,6,4
1350,1445,7,2
1350,1438,7,2
1350,1426,10,5
1351,1445,8,9
1351,1410,10,8
1351,1404,3,2
1351,1406,5,6
1351,1424,7,5
1351,1404,9,5
1351,1440,7,2
1351,1438,8,5
1352,1409,4,9
1352,1408,3,5
1352,1447,9,10
1353,1446,6,2
1353,1409,4,3
1353,1431,7,6
1353,1426,5,9
1353,1415,2,8
1353,1441,6,4
1353,1405,8,6
1354,1447,10,8
1354,1453,4,8
1354,1443,9,2
1354,1431,10,6
1354,1427,7,8
1354,1439,8,7
1354,1433,9,4
1354,1421,8,10
1354,1426,2,10
1355,1428,9,5
1355,1437,10,3
1355,1447,6,7
1355,1440,8,3
1355,1411,10,2
1355,1446,7,6
1356,1450,6,7
1356,1422,5,6
1356,1447,2,3
1356,1439,3,10
1356,1445,2,7
1356,1438,7,8
1356,1411,7,3
1356,1434,4,7
1356,1423,2,9
1356,1435,7,8
1356,1430,8,3
1356,1411,3,4
1357,1450,10,7
1357,1414,6,9
1357,1427,8,3
1357,1436,10,9
1357,1450,4,10
1357,1448,10,7
1358,1416,10,2
1358,1443,4,3
1358,1439,6,9
1358,1410,3,10
1358,1455,9,8
1358,1430,6,4
1358,1434,10,3
1359,1426,5,3
1359,1449,2,7
1359,1417,3,7
1359,1429,4,6
1400,1428,2,9
1400,1431,3,9
1400,1419,4,5
1401,1412,10,2
1401,1414,3,9
1401,1435,3,8
1401,1443,9,8
1401,1435,6,8
1402,1413,10,7
1402,1451,7,4
1402,1455,2,3
1402,1440,8,10
1402,1447,8,5
1403,1454,10,4
1403,1451,4,10
1403,1455,8,9
1403,1458,5,7
1403,1453,9,6
1404,1504,4,3
1404,1456,3,5
1404,1449,10,7
1404,1429,5,6
1404,1502,7,8
1404,1430,9,4
1404,1501,10,3
1404,1504,10,3
1404,1423,8,3
1405,1452,10,7
1405,1417,4,9
1405,1437,8,9
1405,1442,2,3
1405,1500,3,10
1405,1452,2,9
1405,1416,10,9
1405,1430,5,2
1405,1439,2,4
1406,1501,7,6
1406,1502,4,10
1407,1420,2,4
1407,1436,3,8
1407,1456,2,10
1407,1453,2,10
1407,1434,8,3
1407,1430,9,3
1407,1447,6,3
1407,1429,3,10
1407,1444,8,7
1408,1459,5,6
1408,1455,4,6
1408,1454,3,6
1408,1428,7,3
1408,1457,4,7
1408,1503,4,3
1408,1420,9,7
1408,1436,9,10
1409,1428,9,7
1409,1446,8,3
1409,1506,3,8
1409,1450,3,2
1409,1426,9,3
1409,1449,5,3
1409,1507,5,2
1409,1431,10,4
1410,1448,7,4
1410,1433,7,6
1410,1510,5,4
1410,1504,3,9
1410,1426,3,5
1410,1459,10,8
1410,1430,4,5
1410,1508,7,2
1411,1443,10,6
1411,1448,2,7
1411,1456,6,5
1411,1450,7,6
1412,1434,4,3
1412,1428,9,10
1413,1427,7,6
1413,1430,6,3
1413,1446,7,9
1413,1447,3,7
1415,1511,6,8
1415,1511,10,6
1415,1448,6,2
1415,1426,8,5
1415,1458,4,6
1415,1433,8,4
1416,1434,5,8
1416,1431,4,10
1416,1437,10,2
1416,1511,9,4
1416,1446,10,5
1417,1457,5,8
1417,1428,8,7
1417,1502,8,2
1418,1508,10,4
1418,1503,3,4
1418,1459,8,5
1419,1443,6,8
1419,1450,4,7
1419,1436,8,9
1419,1430,3,9
1419,1429,4,6
1420,1431,3,7
1420,1440,3,2
1420,1512,6,3
1420,1443,9,6
1420,1505,9,4
1420,1517,7,8
1420,1447,8,2
1421,1453,5,4
1421,1451,4,2
1421,1441,5,10
1422,1446,7,10
1422,1441,2,7
1422,1519,7,10
1422,1433,9,3
1422,1501,6,3
1422,1445,4,5
1423,1445,3,10
1423,1451,7,3
1424,1441,3,5
1424,1514,4,7
1424,1521,5,4
1424,1448,8,10
1424,1459,8,2
1425,1442,8,6
1425,1454,5,10
1426,1501,5,4
1426,1500,3,5
1426,1515,10,9
1427,1452,3,10
1427,1438,8,9
1427,1447,10,9
1427,1450,2,8
1427,1511,7,8
1428,1447,7,3
1428,1451,9,7
1428,1510,7,4
1428,1443,5,3
1428,1510,5,7
1428,1501,8,2
1428,1516,5,6
1428,1515,5,10
1428,1526,7,8
1428,1453,8,10
1429,1526,8,4
1429,1519,10,6
1429,1508,3,9
1429,1526,2,3
1429,1453,4,2
1429,1452,6,8
1430,1506,10,9
1430,1508,7,3
1430,1440,10,2
1430,1507,5,8
1430,1523,2,4
1430,1459,6,8
1431,1514,8,10
1431,1521,3,10
1431,1517,4,7
1431,1449,10,7
1431,1515,9,2
1431,1524,9,4
1431,1446,7,10
1431,1500,9,7
1431,1449,2,5
1431,1525,5,8
1432,1517,7,3
1432,1529,7,2
1432,1451,5,7
1432,1531,5,10
1432,1530,3,5
1433,1510,4,9
1433,1508,9,2
1433,1525,2,8
1433,1522,2,7
1434,1517,4,2
1434,1507,5,8
1434,1525,4,7
1434,1527,2,4
1434,1528,5,4
1434,1522,9,7
1434,1445,3,10
1434,1529,9,6
1434,1502,6,8
1434,1533,4,2
1434,1452,6,3
1435,1533,3,9
1435,1535,2,4
1435,1455,2,8
1435,1528,7,9
1435,1458,7,10
1435,1451,2,7
1435,1504,9,3
1436,1514,10,6
1437,1518,6,2
1437,1516,7,2
1437,1517,9,4
1437,1457,3,6
1437,1454,2,7
1437,1518,4,7
1438,1529,7,2
1438,1532,8,10
1438,1450,9,2
1438,1532,10,6
1438,1528,6,5
1438,1528,4,7
1439,1453,6,9
1439,1521,10,9
1439,1508,4,10
1439,1503,10,8
1439,1529,2,8
1439,1503,9,5
1439,1453,6,10
1439,1519,10,6
1439,1504,4,3
1439,1528,8,9
1440,1455,4,3
1440,1504,3,5
1440,1525,5,9
1440,1456,8,3
1440,1538,10,8
1440,1527,9,5
1440,1511,2,9
1440,1536,6,3
1440,1513,2,5
1440,1528,10,3
1441,1458,2,4
1441,1501,8,5
1441,1510,9,8
1441,1510,6,8
1441,1526,4,8
1441,1508,2,4
1442,1532,3,10
1442,1504,7,4
1442,1539,10,5
1442,1540,6,9
1443,1517,8,4
1443,1500,3,6
1443,1506,4,10
1443,1535,7,10
1443,1510,4,9
1443,1528,6,10
1443,1540,10,5
1443,1457,5,7
1443,1538,10,7
1443,1505,4,9
1443,1459,8,4
1443,1456,4,9
1443,1500,9,6
1443,1507,7,2
1444,1519,5,6
1444,1541,2,6
1444,1540,3,7
1444,1517,2,8
1445,1542,4,2
1445,1458,6,4
1445,1532,9,5
1445,1459,4,9
1445,1512,10,2
1445,1459,4,5
1446,1511,6,9
1446,1501,3,4
1446,1508,4,3
1446,1510,8,3
1446,1505,8,3
1446,1516,6,9
1447,1544,6,7
1447,1504,3,5
1448,1546,2,5
1448,1541,4,5
1448,1544,10,7
1448,1544,5,2
1448,1458,8,2
1448,1528,8,6
1448,1510,8,5
1448,1534,5,9
1449,1527,3,5
1449,1549,6,4
1449,1547,6,10
1449,1547,2,5
1449,1520,5,3
1449,1535,6,4
1450,1500,3,10
1450,1539,10,6
1450,1534,2,4
1451,1542,9,6
1451,1523,5,2
1451,1528,3,2
1451,1518,7,3
1451,1545,3,4
1451,1527,4,10
1451,1546,3,9
1452,1543,7,8
1452,1552,5,3
1452,1538,10,2
1452,1544,5,3
1452,1508,5,3
1452,1530,7,6
1452,1508,2,6
1452,1510,10,2
1452,1517,8,6
1453,1510,6,9
1453,1509,9,2
1453,1522,7,10
1453,1553,8,6
1453,1523,4,9
1453,1548,5,6
1453,1549,2,9
1454,1527,3,2
1454,1546,10,6
1454,1522,4,10
1454,1517,8,10
1455,1544,4,7
1455,1517,7,8
1455,1532,6,2
1455,1514,3,7
1455,1527,10,5
1455,1551,5,2
1455,1528,8,9
1455,1515,5,3
1456,1546,8,4
1456,1537,4,10
1456,1554,3,6
1456,1538,6,5
1456,1532,4,10
1456,1524,5,8
1457,1520,6,4
1457,1539,4,3
1457,1510,10,7
1457,1545,3,7
1457,1523,6,2
1458,1515,3,9
1458,1534,8,3
1458,1536,10,7
1458,1531,3,7
1458,1535,9,10
1458,1547,6,2
1458,1557,4,8
1458,1537,3,10
1458,1521,4,10
1459,1539,2,7
1459,1535,10,5
1459,1516,9,10
1459,1549,10,3
1459,1555,6,9
1459,1520,6,7
1459,1526,7,10
1500,1550,7,8
1500,1559,8,2
1500,1512,5,3
1500,1528,7,4
1501,1527,10,2
1501,1513,3,6
1501,1524,5,6
1501,1558,2,6
1501,1552,3,8
1502,1520,8,5
1502,1531,8,2
1502,1531,7,9
1502,1521,8,3
1503,1545,6,4
1503,1549,2,4
1503,1522,9,6
1503,1534,4,8
1503,1518,5,4
1503,1513,6,4
1504,1538,5,9
1504,1602,8,3
1505,1542,7,3
1505,1536,10,7
1505,1544,8,5
1505,1557,8,6
1505,1559,4,8
1505,1603,7,9
1506,1606,2,5
1506,1554,9,7
1506,1539,3,7
1506,1602,4,2
1506,1531,6,2
1506,1547,10,5
1506,1549,2,7
1507,1518,4,3
1507,1538,3,9
1507,1532,9,8
1507,1555,8,2
1507,1604,10,3
1508,1536,2,10
1508,1540,5,9
1508,1601,9,5
1508,1540,8,6
1508,1519,5,7
1508,1531,3,6
1508,1552,8,5
1508,1531,7,3
1508,1556,7,6
1509,1526,9,7
1509,1519,3,8
1509,1536,3,9
1509,1547,4,2
1509,1539,4,6
1509,1537,6,3
1510,1528,8,9
1510,1545,10,4
1510,1555,3,6
1510,1610,6,9
1510,1532,2,9
1510,1543,9,6
1510,1541,4,6
1511,1541,2,9
1511,1526,3,10
1511,1607,3,10
1511,1605,6,7
1511,1609,9,2
1512,1558,4,7
1512,1532,10,6
1512,1611,3,6
1512,1536,10,4
1513,1537,2,8
1513,1541,5,3
1513,1525,9,6
1513,1602,8,5
1513,1532,7,8
1513,1603,4,5
1514,1546,2,7
1514,1612,7,2
1514,1604,3,5
1514,1612,6,5
1514,1610,8,10
1514,1533,5,6
1515,1554,8,2
1515,1609,7,3
1515,1533,5,4
1515,1612,7,3
1515,1542,4,6
1515,1601,5,3
1516,1600,8,3
1516,1556,4,5
1516,1539,9,7
1516,1609,7,8
1517,1617,9,7
1517,1611,5,4
1517,1532,9,2
1517,1552,9,8
1518,1530,7,10
1518,1555,9,5
1518,1544,2,3
1519,1612,4,9
1519,1530,2,8
1519,1541,7,5
1519,1545,9,3
1519,1540,2,9
1519,1616,5,4
1520,1602,5,10
1520,1547,10,5
1520,1530,2,3
1520,1620,3,9
1520,1616,7,2
1520,1545,2,8
1520,1600,9,5
1521,1531,6,5
1521,1559,4,9
1521,1547,5,6
1521,1534,2,8
1521,1601,4,2
1521,1556,7,8
1521,1536,5,9
1521,1601,8,4
1522,1532,3,6
1522,1543,9,3
1523,1607,6,4
1523,1543,8,9
1523,1614,7,6
1523,1537,6,9
1523,1549,6,8
1523,1615,4,5
1524,1619,8,10
1524,1550,10,9
1524,1538,2,10
1524,1551,3,2
1524,1604,4,6
1524,1544,8,10
1524,1604,2,9
1524,1620,7,3
1524,1606,4,3
1525,1545,7,10
1525,1538,2,6
1525,1625,10,9
1525,1605,2,8
1525,1605,7,4
1525,1557,5,4
1525,1617,6,3
1525,1616,9,3
1526,1554,3,8
1526,1613,8,6
1526,1614,6,2
1526,1603,9,10
1526,1608,10,4
1526,1622,4,6
1526,1614,4,10
1526,1546,7,5
1526,1541,10,4
1526,1556,5,9
1527,1543,10,3
1527,1542,7,8
1527,1548,9,7
1527,1608,2,6
1528,1626,5,9
1528,1548,9,6
1528,1605,8,5
1528,1555,5,4
1528,1544,9,4
1528,1606,7,3
1528,1625,3,8
1528,1559,7,5
1528,1543,9,8
1529,1542,10,7
1529,1610,2,7
1529,1604,10,7
1529,1555,4,6
1529,1623,9,8
1529,1613,10,9
1529,1604,5,8
1529,1628,7,9
1529,1623,4,2
1530,1617,4,8
1530,1613,6,2
1530,1629,8,2
1531,1620,2,4
1531,1631,7,9
1531,1628,8,7
1531,1616,5,10
1532,1620,7,9
1532,1606,7,4
1532,1546,10,6
1532,1554,9,8
1532,1544,4,6
1533,1608,8,9
1533,1611,9,6
1533,1613,8,4
1534,1556,10,8
1534,1604,9,10
1534,1632,2,3
1534,1629,2,5
1534,1629,5,4
1534,1634,5,3
1534,1618,5,3
1534,1547,4,9
1535,1551,7,5
1535,1629,6,4
1535,1611,8,10
1535,1617,9,8
1535,1559,9,6
1535,1549,8,6
1535,1632,9,4
1535,1550,9,5
1535,1620,9,6
1535,1615,8,3
1536,1558,9,10
1536,1622,10,8
1536,1616,2,7
1537,1549,2,3
1537,1629,2,4
1537,1550,4,3
1537,1629,10,4
1537,1614,7,4
1537,1610,6,4
1538,1603,5,6
1538,1620,10,8
1538,1615,8,2
1539,1555,10,2
1539,1621,7,8
1539,1625,7,8
1539,1631,4,2
1539,1616,6,9
1539,1635,2,10
1539,1617,7,8
1539,1559,5,8
1539,1601,7,6
1540,1601,10,7
1540,1624,7,6
1540,1603,4,5
1540,1630,9,3
1540,1612,7,3
1540,1630,9,10
1540,1606,5,10
1541,1554,8,3
1541,1638,6,2
1541,1639,4,7
1541,1631,6,9
1541,1617,5,6
1542,1605,3,7
1542,1605,8,7
1542,1632,9,3
1542,1552,8,3
1542,1608,7,9
1542,1604,8,4
1543,1628,5,7
1543,1615,10,6
1543,1643,6,8
1543,1557,3,2
1543,1618,2,7
1543,1626,5,9
1543,1621,6,3
1543,1624,4,6
1543,1618,3,5
1543,1601,10,5
1543,1609,2,9
1543,1632,5,4
1543,1602,3,10
1544,1632,8,4
1544,1641,2,9
1544,1641,10,3
1544,1617,8,3
1544,1621,9,10
1544,1637,4,7
1544,1641,6,9
1544,1616,2,7
1544,1602,7,8
1544,1556,7,4
1545,1641,10,3
1545,1635,6,10
1545,1603,3,7
1545,1608,2,10
1545,1619,2,4
1545,1556,9,4
1545,1625,9,7
1545,1601,9,8
1546,1602,9,3
1546,1604,10,6
1546,1619,4,7
1546,1637,4,6
1546,1620,7,8
1547,1612,4,3
1547,1638,8,7
1548,1622,8,4
1548,1612,6,8
1548,1615,9,4
1548,1637,7,4
1548,1558,10,9
1548,1601,10,6
1548,1648,5,4
1549,1642,8,5
1549,1626,8,6
1549,1623,7,4
1549,1604,3,4
1549,1648,3,7
1549,1648,6,9
1549,1616,2,8
1549,1632,10,2
1549,1609,8,5
1550,1612,6,2
1550,1640,2,4
1550,1602,4,9
1550,1631,5,9
1550,1623,7,3
1550,1622,8,3
1550,1604,3,9
1551,1609,9,7
1551,1649,6,5
1551,1632,5,10
1551,1647,7,2
1551,1650,5,3
1551,1631,9,6
1551,1642,3,4
1551,1648,8,7
1552,1606,2,8
1552,1623,7,9
1552,1638,7,6
1552,1625,7,10
1552,1622,2,4
1553,1625,7,4
1553,1650,2,8
1553,1641,8,9
1554,1638,5,4
1554,1636,7,4
1555,1630,2,5
1555,1638,4,3
1556,1643,6,3
1556,1642,8,10
1556,1621,5,6
1556,1607,3,5
1556,1611,5,2
1557,1616,5,9
1557,1652,5,7
1557,1641,4,9
1558,1608,6,7
1559,1627,9,3
1559,1640,2,8
1559,1628,9,10
1559,1633,4,10
1559,1616,10,9
1559,1650,10,5
1600,1651,5,9
1600,1612,6,4
1600,1639,7,6
1600,1651,5,3
1601,1658,4,8
1601,1652,3,10
1601,1649,3,4
1601,1623,4,7
1601,1657,9,6
1601,1656,2,5
1601,1701,8,9
1601,1618,3,10
1601,1637,3,6
1602,1647,5,2
1602,1639,6,2
1602,1632,2,4
1602,1631,4,3
1602,1647,10,8
1602,1643,7,6
1602,1612,5,8
1602,1638,7,10
1602,1701,7,3
1603,1659,8,7
1603,1615,9,2
1603,1626,9,6
1603,1653,3,9
1604,1641,2,3
1604,1624,8,2
1604,1704,3,5
1604,1704,4,6
1604,1653,5,8
1604,1702,7,10
1604,1648,6,5
1605,1624,2,8
1605,1637,6,4
1605,1655,2,4
1605,1642,6,3
1605,1629,9,6
1606,1643,8,2
1606,1652,2,8
1606,1621,3,6
1606,1651,5,10
1606,1625,3,5
1607,1623,9,10
1607,1631,10,9
1607,1628,7,3
1607,1659,10,9
1607,1620,9,3
1607,1644,4,8
1607,1618,4,10
1607,1635,10,3
1607,1625,9,10
1608,1658,3,5
1608,1621,3,2
1608,1700,5,3
1608,1700,2,7
1608,1628,2,4
1608,1635,10,9
1608,1624,6,9
1609,1623,5,8
1609,1704,3,6
1609,1626,6,7
1609,1658,5,3
1610,1624,8,9
1610,1704,6,10
1610,1657,3,5
1610,1621,10,4
1610,1634,5,2
1610,1628,7,2
1611,1702,9,6
1611,1651,6,5
1611,1655,4,7
1611,1635,2,6
1611,1635,2,10
1611,1654,7,4
1611,1646,10,3
1612,1652,8,10
1612,1638,8,7
1612,1622,2,8
1612,1644,10,9
1612,1640,7,10
1613,1658,4,3
1613,1711,4,10
1613,1713,2,9
1613,1643,6,10
1613,1640,4,6
1613,1713,7,3
1613,1640,7,3
1613,1659,8,2
1613,1631,10,6
1613,1656,6,9
1613,1653,4,2
1614,1639,7,3
1614,1624,8,2
1614,1654,2,5
1614,1649,8,3
1615,1643,4,2
1615,1659,7,2
1615,1714,4,10
1616,1637,10,6
1616,1658,8,10
1616,1646,5,3
1616,1710,10,6
1616,1711,3,5
1616,1650,3,8
1616,1639,10,5
1616,1628,4,10
1616,1642,4,7
1617,1712,8,4
1617,1705,10,2
1617,1700,6,9
1617,1633,8,2
1617,1716,7,2
1617,1636,7,9
1617,1658,2,8
1618,1704,6,5
1618,1709,10,7
1618,1656,10,7
1618,1658,2,7
1618,1659,6,5
1619,1659,10,4
1619,1652,5,6
1619,1638,4,8
1619,1645,9,5
1619,1713,5,10
1620,1702,3,8
1620,1708,5,10
1620,1701,3,8
1620,1649,7,8
1620,1634,6,3
1620,1651,10,3
1621,1703,5,8
1621,1659,4,10
1621,1707,8,10
1621,1644,7,4
1621,1709,10,4
1621,1645,7,5
1622,1641,3,4
1622,1719,8,7
1622,1722,7,3
1623,1713,4,10
1623,1715,6,2
1623,1648,10,5
1623,1653,6,10
1623,1721,7,6
1623,1644,5,7
1623,1656,6,9
1624,1721,3,5
1624,1648,3,9
1624,1648,6,5
1624,1639,5,9
1624,1659,4,9
1624,1721,8,4
1624,1709,7,3
1624,1713,10,3
1624,1715,5,3
1624,1718,2,7
1624,1654,9,6
1625,1715,8,10
1625,1700,3,7
1625,1659,7,2
1625,1716,6,7
1625,1645,3,9
1625,1719,2,4
1625,1646,5,4
1625,1648,4,2
1625,1713,8,3
1625,1723,10,2
1626,1646,8,10
1626,1708,8,4
1627,1723,10,8
1627,1648,8,5
1627,1640,8,6
1627,1655,4,3
1628,1717,5,6
1628,1650,4,7
1628,1638,10,2
1628,1722,10,3
1628,1720,3,9
1628,1704,3,2
1628,1714,10,4
1629,1653,5,4
1629,1716,3,4
1629,1706,8,9
1629,1649,2,7
1629,1715,9,10
1629,1658,7,8
1629,1659,4,2
1629,1639,5,4
1629,1725,3,2
1630,1716,6,8
1630,1714,9,8
1630,1648,5,2
1630,1727,10,5
1630,1657,6,2
1630,1657,7,6
1631,1723,6,4
1631,1707,3,9
1631,1642,4,3
1631,1705,6,8
1631,1727,7,9
1632,1722,9,2
1632,1651,3,8
1632,1709,6,4
1632,1730,8,5
1632,1651,10,4
1632,1727,10,3
1632,1708,4,8
1632,1646,4,9
1633,1721,8,2
1633,1646,5,8
1633,1711,9,8
1633,1651,2,3
1633,1648,10,9
1634,1649,8,10
1634,1727,5,9
1634,1647,7,2
1634,1649,2,4
1634,1657,8,9
1635,1732,4,5
1635,1700,10,4
1635,1708,3,5
1635,1719,6,2
1636,1655,5,4
1636,1647,4,7
1636,1728,6,8
1637,1722,10,3
1637,1653,8,5
1638,1731,3,4
1638,1713,3,2
1638,1701,5,9
1638,1732,5,3
1638,1712,2,5
1638,1708,9,7
1638,1708,3,10
1638,1718,3,7
1639,1736,3,7
1639,1721,9,10
1639,1739,9,7
1639,1718,4,3
1639,1726,4,7
1639,1649,2,6
1639,1651,7,5
1640,1709,10,5
1640,1703,6,3
1640,1709,10,3
1640,1706,8,2
1640,1740,3,5
1640,1718,3,2
1640,1655,5,4
1640,1714,3,4
1640,1713,6,7
1640,1723,5,9
1640,1720,2,8
1640,1736,6,4
1641,1706,6,9
1641,1741,9,2
1641,1655,5,8
1641,1731,10,5
1641,1734,10,9
1641,1720,8,4
1641,1739,8,7
1642,1733,2,6
1642,1712,4,9
1642,1726,3,2
1642,1728,8,6
1642,1723,10,2
1642,1740,6,8
1643,1732,7,5
1643,1712,2,9
1644,1705,4,8
1644,1740,2,10
1644,1724,4,2
1644,1736,5,4
1644,1654,3,9
1644,1727,5,9
1644,1716,7,4
1645,1742,3,10
1645,1702,5,7
1645,1716,3,6
1645,1728,7,2
1645,1656,9,5
1645,1659,5,2
1646,1739,6,5
1646,1705,4,7
1646,1743,8,10
1646,1741,2,4
1646,1709,9,6
1646,1733,5,7
1646,1727,10,7
1646,1717,3,2
1646,1706,7,6
1646,1738,7,10
1646,1720,4,7
1646,1739,5,9
1647,1729,5,4
1647,1710,5,6
1647,1710,10,6
1647,1738,9,7
1647,1700,5,4
1647,1706,8,7
1647,1718,8,7
1648,1743,7,10
1648,1742,5,7
1648,1726,10,2
1648,1726,4,6
1648,1715,4,8
1649,1702,2,9
1649,1708,6,7
1649,1748,8,2
1649,1717,3,2
1650,1723,4,7
1650,1735,6,4
1650,1742,7,3
1650,1707,2,5
1650,1705,6,8
1650,1747,2,6
1650,1740,5,4
1650,1709,5,8
1651,1706,7,9
1651,1730,9,4
1651,1711,3,6
1651,1725,4,8
1651,1703,6,9
1651,1702,5,4
1652,1718,4,9
1652,1720,6,2
1652,1747,2,7
1652,1749,6,8
1652,1709,3,4
1653,1719,9,6
1653,1726,3,5
1653,1721,3,9
1653,1753,9,7
1653,1722,5,7
1653,1723,2,7
1653,1718,4,10
1654,1711,2,6
1654,1748,7,3
1654,1713,6,4
1655,1739,10,4
1655,1725,6,5
1655,1721,10,2
1655,1736,9,2
1655,1745,10,6
1656,1738,8,10
1656,1748,3,8
1656,1748,10,5
1656,1713,7,4
1656,1726,2,10
1657,1726,9,5
1657,1741,8,4
1657,1746,5,2
1657,1723,3,2
1657,1734,6,4
1657,1708,10,4
1657,1730,5,2
1657,1735,4,5
1657,1733,4,2
1658,1735,4,9
1658,1750,8,10
1658,1757,10,3
1658,1745,9,5
1658,1719,5,7
1658,1734,4,2
1659,1723,9,6
1659,1718,10,7
1659,1728,5,8
1659,1727,7,2
1659,1751,10,6
1659,1723,9,5
1700,1732,2,8
1700,1719,10,3
1700,1717,10,3
1700,1711,3,9
1700,1751,9,2
1700,1729,6,10
1700,1754,3,9
1700,1741,8,5
1700,1710,6,3
1700,1740,4,3
1701,1756,9,2
1701,1753,8,10
1701,1749,3,6
1701,1716,4,2
1701,1726,3,5
1701,1754,6,5
1701,1725,4,9
1701,1759,4,5
1701,1742,10,6
1702,1751,2,8
1702,1750,6,3
1702,1716,4,2
1702,1757,6,9
1702,1800,4,3
1702,1729,9,8
1702,1752,3,7
1702,1727,9,2
1702,1717,6,7
1703,1718,2,9
1703,1723,10,9
1703,1726,4,2
1703,1744,7,5
1703,1736,2,4
1704,1734,4,10
1704,1724,3,4
1704,1744,5,7
1704,1736,7,3
1704,1743,8,7
1704,1738,8,5
1704,1745,3,7
1704,1729,6,9
1704,1735,8,2
1705,1720,7,10
1705,1725,8,9
1705,1717,8,10
1706,1740,8,5
1706,1805,4,3
1707,1751,2,3
1707,1753,5,10
1707,1743,10,2
1707,1754,6,10
1707,1753,5,10
1707,1736,10,6
1707,1805,7,6
1707,1740,9,6
1707,1739,4,2
1707,1745,6,8
1708,1740,2,4
1708,1805,8,3
1708,1759,8,4
1708,1719,2,7
1709,1742,5,2
1709,1741,3,4
1709,1808,4,7
1709,1720,9,2
1709,1801,6,8
1709,1730,8,4
1709,1801,8,2
1709,1806,6,8
1709,1805,2,6
1710,1729,3,9
1710,1726,9,8
1710,1733,7,8
1710,1757,8,9
1710,1810,3,7
1710,1759,2,7
1711,1752,8,9
1711,1805,2,3
1711,1739,5,8
1711,1730,10,3
1711,1730,7,9
1711,1746,4,6
1711,1746,2,4
1712,1737,4,10
1712,1740,2,6
1712,1750,4,7
1712,1745,7,4
1712,1730,6,9
1713,1805,7,4
1713,1750,10,8
1713,1803,9,2
1713,1723,5,6
1713,1731,4,8
1713,1730,3,6
1713,1736,5,6
1713,1741,6,8
1714,1743,5,10
1714,1801,2,7
1714,1759,8,9
1714,1757,6,8
1715,1737,8,7
1715,1733,10,2
1715,1758,3,9
1715,1741,2,3
1715,1730,3,8
1716,1744,6,9
1716,1744,6,5
1716,1735,9,10
1716,1754,4,5
1716,1730,9,6
1716,1738,6,8
1716,1733,7,8
1717,1754,9,8
1717,1748,4,8
1717,1807,9,5
1717,1742,5,6
1717,1802,6,3
1718,1753,10,2
1718,1736,5,6
1718,1743,4,10
1718,1810,3,9
1718,1812,5,3
1718,1800,5,7
1719,1735,7,10
1719,1752,8,7
1720,1812,3,10
1720,1816,7,2
1720,1800,7,6
1720,1813,7,10
1720,1752,9,8
1720,1742,9,10
1720,1738,6,8
1721,1819,8,2
1721,1808,4,8
1721,1744,9,8
1721,1737,7,10
1721,1739,10,9
1721,1748,3,8
1721,1820,10,4
1722,1758,7,8
1722,1732,9,6
1722,1819,4,3
1722,1755,8,4
1722,1736,5,9
1723,1808,6,3
1723,1752,2,5
1723,1740,9,6
1723,1733,3,5
1723,1751,8,5
1723,1757,2,3
1724,1817,8,4
1724,1756,9,5
1724,1741,10,5
1724,1738,7,5
1724,1753,5,3
1724,1811,6,8
1725,1808,5,2
1725,1756,10,3
1725,1800,8,5
1725,1754,4,9
1725,1813,7,3
1725,1755,4,9
1726,1743,8,7
1726,1820,10,3
1726,1744,4,2
1726,1823,9,3
1726,1736,9,10
1727,1818,6,9
1727,1817,8,7
1727,1744,6,4
1727,1823,7,8
1727,1752,4,2
1728,1825,6,8
1728,1758,4,7
1728,1821,4,5
1729,1810,4,6
1729,1814,9,4
1729,1754,2,8
1729,1751,6,9
1729,1810,8,10
1730,1745,6,9
1730,1811,3,8
1730,1809,2,4
1731,1811,9,5
1731,1802,6,5
1731,1801,8,9
1732,1829,10,3
1732,1831,6,9
1732,1756,4,9
1732,1748,3,2
1732,1751,8,6
1733,1817,4,3
1733,1817,7,8
1733,1825,3,10
1733,1828,6,2
1733,1808,4,3
1733,1831,8,10
1734,1832,4,3
1734,1827,9,10
1734,1808,6,4
1734,1804,10,2
1734,1818,4,5
1734,1818,6,9
1734,1745,10,6
1734,1833,4,7
1734,1814,7,8
1734,1822,8,9
1734,1805,8,2
1734,1806,10,2
1734,1809,6,2
1735,1823,2,7
1735,1813,7,9
1735,1751,4,8
1735,1808,4,2
1735,1815,7,5
1735,1816,2,9
1736,1832,3,10
1736,1811,5,8
1736,1831,7,5
1736,1819,9,7
1736,1800,2,5
1736,1822,6,5
1736,1756,2,7
1736,1803,9,5
1737,1802,2,3
1737,1755,2,9
1737,1806,7,4
1737,1822,9,2
1737,1828,5,4
1737,1832,8,6
1737,1820,2,8
1738,1836,2,3
1738,1808,8,3
1738,1809,6,9
1738,1810,3,6
1739,1805,4,2
1739,1838,5,6
1739,1758,7,4
1740,1755,2,3
1740,1836,4,9
1740,1825,8,3
1740,1822,9,7
1740,1828,9,5
1740,1817,10,4
1740,1829,8,3
1740,1835,7,9
1740,1758,2,10
1740,1815,4,5
1740,1816,3,4
1741,1811,2,5
1741,1822,8,9
1741,1825,9,10
1741,1829,4,7
1741,1834,10,3
1741,1758,10,8
1741,1826,7,2
1741,1822,2,8
1741,1818,3,7
1742,1841,4,9
1742,1821,2,9
1742,1821,2,3
1743,1815,4,10
1743,1831,5,3
1743,1838,3,9
1743,1808,2,6
1744,1825,9,6
1744,1800,2,5
1744,1833,8,6
1744,1811,9,8
1745,1844,9,3
1745,1802,6,9
1745,1845,4,8
1745,1827,8,4
1745,1823,7,9
1746,1812,9,6
1746,1824,7,9
1746,1841,9,7
1746,1803,6,7
1746,1840,3,6
1746,1828,3,2
1746,1815,9,2
1746,1837,5,9
1746,1756,8,6
1746,1811,3,4
1746,1839,5,6
1747,1847,6,5
1747,1807,2,5
1747,1820,4,9
1747,1840,5,7
1747,1818,2,3
1747,1805,4,3
1747,1841,2,10
1748,1813,6,7
1748,1839,4,3
1748,1834,2,6
1748,1806,2,9
1748,1833,3,4
1749,1824,5,8
1749,1807,7,5
1749,1824,3,8
1750,1839,7,5
1750,1807,7,10
1750,1847,3,4
1750,1826,7,4
1750,1803,7,9
1750,1813,8,4
1750,1848,5,2
1751,1844,2,6
1751,1814,9,2
1751,1831,9,6
1751,1831,9,7
1751,1837,8,7
1751,1815,7,10
1752,1810,9,2
1752,1832,4,3
1752,1840,5,8
1752,1845,3,5
1752,1848,2,4
1752,1815,2,3
1752,1813,6,9
1752,1832,6,4
1752,1851,9,4
1752,1819,5,8
1752,1839,10,9
1753,1821,10,4
1753,1852,6,3
1753,1837,4,8
1753,1832,9,3
1753,1838,5,6
1753,1825,7,9
1753,1844,3,6
1754,1812,9,3
1754,1838,4,9
1754,1843,10,5
1754,1831,2,4
1754,1811,9,6
1754,1842,6,7
1755,1832,5,2
1755,1815,4,9
1755,1845,3,10
1756,1824,2,8
1756,1841,2,4
1756,1810,8,4
1756,1822,6,2
1757,1826,8,3
1757,1811,7,10
1757,1823,5,6
1757,1855,7,8
1757,1846,9,5
1757,1822,8,5
1757,1837,8,10
1758,1843,7,10
1758,1818,2,8
1758,1829,3,8
1758,1821,10,4
1758,1835,10,4
1758,1814,7,2
1758,1813,8,9
1759,1851,8,3
1759,1852,3,7
1759,1856,9,3
1759,1857,3,5
1759,1840,5,2
1800,1829,10,2
1800,1828,6,10
1800,1854,7,4
1800,1850,2,3
1800,1818,5,9
1800,1832,3,4
1800,1821,6,3
1800,1814,8,4
1800,1819,2,3
1801,1815,2,5
1801,1824,5,6
1801,1853,8,3
1801,1843,10,3
1801,1835,2,7
1801,1819,9,8
1801,1819,5,3
1801,1900,4,2
1802,1820,10,5
1802,1850,4,10
1802,1847,6,4
1802,1859,4,3
1802,1842,6,4
1803,1823,9,8
1803,1857,7,2
1803,1828,3,8
1803,1903,7,6
1804,1823,9,2
1804,1823,2,5
1804,1844,7,4
1804,1856,9,6
1804,1845,7,9
1805,1842,2,10
1805,1849,4,6
1805,1851,6,9
1805,1822,3,4
1805,1842,6,3
1805,1848,7,10
1805,1822,8,5
1806,1830,7,10
1806,1818,6,8
1806,1835,2,3
1806,1847,7,2
1806,1828,3,5
1806,1830,8,4
1806,1900,9,6
1806,1829,9,2
1807,1856,8,4
1807,1850,8,4
1807,1842,7,2
1808,1903,4,7
1808,1835,3,2
1808,1833,7,8
1808,1856,2,4
1808,1842,8,10
1808,1834,10,7
1808,1834,10,6
1808,1848,3,4
1808,1827,7,2
1809,1847,3,7
1809,1855,3,9
1809,1853,4,6
1809,1908,8,5
1809,1839,3,5
1809,1847,9,4
1810,1841,9,10
1810,1824,3,6
1810,1853,3,2
1810,1823,6,8
1810,1848,6,4
1810,1848,3,4
1810,1821,8,7
1810,1835,4,2
1811,1826,10,4
1811,1823,10,4
1811,1824,10,2
1811,1845,10,5
1811,1848,10,7
1811,1837,6,2
1811,1849,6,4
1812,1909,8,5
1812,1838,3,2
1812,1823,4,7
1812,1912,4,6
1812,1852,2,7
1812,1911,10,2
1812,1858,4,5
1812,1840,5,8
1813,1841,10,6
1813,1912,9,2
1813,1905,7,9
1813,1844,3,8
1813,1850,7,8
1813,1908,3,9
1814,1845,5,6
1814,1835,7,2
1814,1855,3,6
1814,1908,10,5
1814,1829,8,7
1814,1831,2,8
1815,1845,7,8
1815,1836,2,7
1815,1847,3,2
1815,1855,8,3
1815,1833,5,7
1816,1842,9,3
1816,1903,10,6
1816,1906,8,3
1817,1846,10,6
1817,1904,5,9
1817,1839,7,6
1817,1855,5,9
1817,1851,7,9
1818,1840,7,3
1818,1841,8,9
1818,1831,9,4
1818,1832,10,8
1818,1859,8,4
1818,1856,7,8
1818,1915,7,2
1818,1911,6,10
1818,1909,3,8
1818,1900,10,8
1818,1839,8,2
1819,1913,9,7
1819,1915,10,6
1819,1901,3,4
1819,1831,3,7
1819,1858,7,3
1819,1916,8,6
1819,1831,3,7
1819,1830,8,3
1819,1914,8,2
1819,1915,10,8
1820,1916,3,6
1820,1912,4,7
1820,1832,3,2
1820,1834,3,10
1821,1908,10,6
1821,1843,2,6
1821,1833,9,8
1821,1839,5,3
1821,1904,4,2
1821,1917,6,10
1821,1851,7,2
1821,1916,3,9
1821,1917,6,5
1822,1920,3,2
1822,1907,5,10
1822,1838,5,10
1822,1912,7,5
1823,1918,5,10
1823,1920,8,4
1823,1919,5,7
1823,1843,10,6
1824,1901,3,8
1824,1903,5,9
1824,1834,5,3
1824,1917,5,8
1824,1839,9,3
1824,1843,9,8
1824,1856,7,9
1825,1849,2,6
1825,1908,10,7
1825,1855,3,8
1825,1908,3,5
1826,1851,4,9
1826,1839,3,2
1826,1926,7,8
1826,1916,9,4
1826,1926,6,5
1826,1915,8,3
1826,1853,3,4
1826,1912,4,3
1826,1923,10,3
1826,1921,4,10
1826,1854,3,8
1827,1906,10,3
1827,1901,10,5
1827,1842,4,7
1827,1839,10,2
1827,1900,5,6
1827,1843,8,2
1828,1915,6,7
1828,1844,3,7
1828,1846,9,10
1828,1903,9,5
1828,1922,4,5
1829,1847,3,6
1829,1925,4,5
1829,1925,6,4
1830,1922,3,7
1830,1930,7,4
1830,1914,5,4
1830,1852,2,8
1830,1916,2,6
1830,1852,8,3
1830,1913,9,2
1830,1859,8,6
1831,1842,10,4
1831,1921,3,2
1831,1852,2,7
1831,1907,3,7
1831,1852,10,3
1831,1928,7,10
1831,1909,9,8
1831,1930,2,5
1832,1902,6,2
1832,1844,10,8
1832,1931,7,8
1832,1846,3,10
1833,1851,3,5
1833,1846,10,7
1834,1856,5,6
1834,1915,4,10
1834,1921,10,6
1834,1849,6,9
1835,1926,2,6
1835,1905,9,2
1835,1859,8,3
1835,1845,9,7
1835,1847,4,5
1835,1933,7,9
1835,1856,3,6
1836,1932,2,4
1836,1853,3,2
1836,1924,5,6
1836,1925,3,7
1836,1905,5,4
1836,1911,5,4
1836,1855,9,2
1836,1854,9,7
1836,1910,8,2
1836,1852,2,6
1836,1847,9,10
1837,1916,5,2
1837,1929,6,7
1837,1901,7,6
1837,1923,6,8
1838,1850,8,9
1838,1903,10,4
1838,1920,2,5
1838,1919,10,7
1838,1925,5,3
1838,1913,9,10
1838,1925,10,2
1838,1913,7,4
1838,1851,4,3
1839,1858,2,6
1839,1905,10,4
1839,1856,4,9
1839,1901,7,2
1839,1931,4,7
1839,1912,3,6
1840,1924,4,5
1841,1935,3,5
1841,1909,10,9
1841,1935,4,6
1842,1927,10,6
1842,1935,3,7
1842,1906,9,10
1843,1923,6,7
1844,1931,8,7
1844,1859,8,3
1844,1927,5,8
1844,1942,9,5
1844,1919,10,6
1844,1937,5,9
1844,1904,10,7
1844,1902,3,4
1844,1938,4,6
1844,1944,10,5
1844,1938,8,2
1844,1917,10,6
1845,1915,2,9
1845,1922,2,7
1845,1943,10,2
1845,1857,7,2
1846,1931,5,3
1846,1921,6,2
1846,1929,6,9
1846,1903,4,5
1846,1858,8,10
1846,1911,9,6
1847,1932,8,3
1847,1945,10,3
1847,1945,9,3
1847,1859,10,7
1848,1915,7,3
1848,1859,5,7
1848,1930,8,10
1848,1921,6,2
1848,1925,5,10
1849,1934,9,10
1849,1904,6,9
1849,1924,7,4
1849,1917,10,9
1849,1935,4,2
1850,1926,6,3
1850,1945,8,3
1850,1921,8,3
1850,1945,3,10
1850,1939,10,9
1850,1938,10,3
1850,1926,8,5
1850,1950,2,6
1850,1927,2,7
1851,1916,4,8
1851,1935,2,7
1851,1901,8,5
1851,1949,10,8
1851,1943,3,8
1851,1949,5,3
1851,1920,4,5
1851,1923,8,3
1851,1938,8,9
1852,1903,5,2
1852,1925,7,3
1853,1950,4,3
1853,1911,6,5
1853,1928,4,8
1853,1951,6,8
1853,1928,6,5
1854,1906,9,10
1854,1919,6,5
1854,1931,7,4
1854,1923,5,10
1854,1915,9,2
1854,1928,5,6
1854,1939,10,4
1854,1944,8,2
1855,1939,5,3
1855,1926,9,2
1855,1916,4,2
1855,1905,4,10
1855,1921,7,6
1855,1939,5,6
1855,1949,10,4
1856,1949,8,6
1856,1933,5,10
1857,1917,8,7
1857,1947,2,7
1857,1926,10,4
1857,1922,10,7
1858,1948,3,9
1858,1957,6,5
1858,1922,3,4
1859,1929,5,7
1859,1952,8,9
1859,1931,10,9
1859,1929,3,9
1859,1917,4,10
1859,1916,8,5
1859,1932,4,10
1900,1921,10,3
1900,1933,6,10
1900,1913,4,9
1900,1942,9,3
1900,1934,8,3
1900,1935,2,8
1900,1912,2,5
1900,1948,10,4
1900,1954,3,5
1900,1950,2,10
1901,1915,4,10
1901,1921,9,10
1901,1942,9,4
1901,1922,7,3
1901,1934,2,4
1901,1940,4,3
1901,1943,2,10
1901,1946,4,5
1902,1944,6,8
1902,1952,8,7
1902,1919,9,10
1902,1912,8,10
1903,1949,8,9
1903,1948,5,7
1903,1933,8,6
1903,1958,6,8
1903,1924,9,4
1903,1934,3,4
1903,1916,4,5
1904,2003,10,9
1904,1954,7,9
1904,1956,6,2
1904,1932,7,2
1904,2003,7,8
1904,1938,4,8
1905,1951,8,2
1905,1952,5,4
1905,1915,3,7
1905,1946,9,5
1905,1927,5,7
1905,1958,5,2
1905,1946,6,8
1905,1932,2,5
1905,1958,8,6
1906,1924,8,10
1906,2001,5,8
1906,1925,9,7
1906,1921,4,6
1906,1955,4,6
1906,1920,4,6
1907,1954,5,2
1907,1944,7,6
1907,2006,2,5
1907,2002,4,10
1907,1953,3,5
1908,1922,2,3
1908,1953,6,4
1908,1926,7,10
1908,1934,2,6
1908,1920,3,6
1908,1935,6,9
1908,1924,8,7
1908,2004,2,9
1908,2008,3,2
1909,1953,10,2
1909,1920,7,8
1909,1955,2,4
1909,1947,5,2
1909,1939,3,5
1909,1933,9,7
1909,1919,7,2
1909,1948,8,7
1910,2003,10,4
1910,1930,8,2
1910,2006,5,3
1910,1959,10,4
1910,1934,3,7
1911,1939,3,5
1911,1955,10,2
1911,2004,5,10
1911,1941,7,8
1911,1950,9,3
1911,1941,6,8
1911,1930,5,6
1911,1925,8,2
1912,1931,2,6
1912,2008,3,9
1912,2010,4,3
1912,2002,6,9
1912,1940,9,4
1912,1948,10,3
1913,1957,7,10
1913,2006,8,10
1913,2010,9,3
1913,1953,8,2
1913,2005,9,3
1914,1939,5,7
1914,2003,5,7
1914,1944,4,3
1914,2002,9,3
1914,1935,9,8
1914,2006,10,6
1914,1946,4,9
1915,1928,8,7
1915,1951,4,6
1915,1946,10,9
1916,1950,10,8
1916,1955,8,6
1916,2016,7,5
1917,2000,2,7
1917,1954,5,4
1917,1939,3,4
1917,2004,10,4
1917,1934,7,5
1917,1950,9,3
1917,2016,6,4
1917,2002,10,2
1917,1953,3,10
1917,2014,7,6
1918,1931,7,8
1918,1959,9,8
1918,1952,8,6
1918,1948,3,2
1918,1953,5,3
1918,2003,6,5
1918,1940,7,6
1918,1937,2,7
1919,2018,2,9
1919,1940,4,3
1919,2014,7,10
1919,1959,7,10
1919,2011,8,9
1919,1936,10,4
1919,2014,9,10
1919,1954,2,5
1920,1946,7,8
1920,2011,2,6
1921,1935,7,6
1921,1932,2,3
1921,1940,7,10
1921,1939,2,9
1921,1956,8,2
1921,2004,6,3
1922,2017,7,9
1922,1942,6,8
1922,1955,8,5
1922,2006,2,4
1923,1946,10,9
1923,1935,5,3
1923,1935,3,2
1923,2021,6,8
1923,2005,9,10
1924,2022,3,4
1924,1948,8,6
1924,2005,6,10
1924,1951,5,3
1924,1939,7,3
1925,2019,10,8
1925,2007,4,8
1925,1946,8,2
1925,2013,8,6
1926,2026,5,8
1926,2008,6,2
1926,2007,4,6
1926,2022,2,8
1926,2019,3,7
1926,1950,4,8
1926,2001,5,7
1926,2021,5,4
1927,2005,2,7
1927,1941,7,5
1927,2021,8,4
1927,1937,5,7
1927,1940,3,6
1928,2002,3,9
1928,2014,10,7
1928,1940,6,3
1929,2004,2,6
1929,1957,5,4
1929,2002,10,7
1929,2021,5,7
1929,2003,8,2
1930,2003,8,9
1930,1940,4,6
1930,2021,4,2
1930,2011,3,4
1931,1949,5,9
1931,2011,2,10
1931,2011,4,9
1931,2001,9,4
1931,2030,4,7
1931,1958,6,10
1931,2029,9,10
1932,2026,3,10
1932,1949,6,3
1932,2014,3,9
1933,1959,10,3
1933,2028,2,6
1933,2026,7,2
1933,1956,9,8
1933,2014,10,9
1933,2015,6,4
1934,2032,5,6
1934,2018,8,5
1934,2013,7,6
1934,2002,7,3
1934,2018,4,3
1935,2021,2,7
1935,2002,2,7
1935,1954,9,4
1935,2015,4,5
1935,1956,9,10
1935,2005,6,4
1936,2002,7,6
1936,2019,6,3
1936,2004,3,8
1937,1958,3,2
1937,2024,6,2
1937,1950,3,10
1937,2001,6,2
1937,1950,9,10
1937,1950,9,10
1937,1950,10,2
1937,2019,3,9
1937,2014,9,7
1938,2027,8,2
1938,2038,7,3
1938,2027,8,3
1938,2006,2,9
1940,2025,2,4
1940,2020,6,4
1940,1954,9,8
1940,2009,7,5
1941,2033,5,6
1941,2032,5,8
1941,2022,9,2
1941,1951,5,2
1941,2026,4,8
1941,1954,3,8
1942,2037,8,5
1942,2024,9,2
1942,2020,6,4
1942,1957,5,3
1942,2031,7,10
1942,2018,8,3
1943,2037,10,9
1943,2000,9,3
1943,2028,7,3
1943,2014,9,7
1943,2005,8,7
1943,2012,3,4
1943,2024,7,6
1944,2037,8,6
1944,2032,8,7
1944,2002,4,8
1944,1959,9,6
1944,1954,4,6
1945,2029,5,7
1945,1955,4,8
1945,2041,8,4
1945,2042,5,8
1945,2043,3,5
1945,2033,5,2
1946,2015,5,2
1946,2023,10,2
1946,1956,9,5
1946,2030,7,8
1946,2002,10,8
1946,2028,8,5
1946,2005,3,9
1946,2029,7,3
1947,1957,8,10
1947,2004,10,6
1947,2003,4,5
1948,2048,9,5
1948,2040,8,2
1948,2006,3,7
1948,2015,8,5
1948,2028,7,6
1948,2018,8,4
1948,2037,9,8
1949,2042,7,3
1949,2047,5,2
1949,2047,2,9
1950,2019,3,8
1950,2047,8,7
1950,2042,3,10
1950,2041,5,3
1950,2001,3,7
1951,2026,2,5
1951,2051,8,5
1951,2026,2,7
1951,2046,10,6
1952,2046,8,4
1952,2013,2,6
1952,2022,5,2
1952,2003,10,2
1953,2031,3,10
1953,2009,6,5
1953,2019,9,3
1953,2012,6,5
1953,2036,5,3
1953,2050,5,8
1953,2046,9,10
1953,2042,7,2
1954,2026,6,8
1954,2052,4,7
1955,2009,10,4
1955,2006,7,3
1955,2051,7,5
1955,2006,5,2
1955,2039,2,6
1956,2034,5,7
1956,2050,9,7
1956,2056,4,10
1956,2019,8,7
1957,2019,9,4
1957,2013,8,6
1958,2056,5,6
1958,2032,5,9
1958,2009,6,5
1958,2026,2,7
1959,2025,10,7
1959,2037,8,7
1959,2059,9,2
2000,2013,10,4
2000,2100,3,9
2000,2022,3,5
2000,2051,8,2
2000,2047,10,4
